#======================================================================================================================================
# EXACT COUNTS AND MODEL RATIOS.  COUNT = APs of length >= n counted by starting pair (all APs, not maximal).
#======================================================================================================================================
qmin     base          X   n      s     #d      COUNT  RUNSTART  MAXIMAL       Corr          M2   M2/ex  M2s/ex          M3   M3/ex  src
  11   340170  1.000e+09  10  0.455    326   37464138  23461408 16755316  4.867e-01  3.6323e+07   0.970   0.967  3.5834e+07   0.956  q11.txt
  11   340170  1.000e+09  11  0.500    293   14002730   6706092  3214986  3.446e-01  1.3317e+07   0.951   0.948  1.3076e+07   0.934  q11.txt
  11   340170  1.000e+09  12  0.545    267    7296638   3491106  1667910  3.451e-01  6.9769e+06   0.956   0.953  6.8289e+06   0.936  q11.txt
  11   340170  1.000e+09  13  0.591    244    3805532   1823196   870780  3.433e-01  3.6608e+06   0.962   0.958  3.5832e+06   0.942  q11.txt
  11   340170  1.000e+09  14  0.636    226    1982336    952416   455960  3.389e-01  1.9207e+06   0.969   0.965  1.8716e+06   0.944  q11.txt
  11   340170  1.000e+09  15  0.682    209    1029920    496456   237482  3.318e-01  1.0055e+06   0.976   0.972  9.8121e+05   0.953  q11.txt
  11   340170  1.000e+09  16  0.727    195     533464    258974   124537  3.223e-01  5.2507e+05   0.984   0.979  5.1013e+05   0.956  q11.txt
  11   340170  1.000e+09  17  0.773    183     274490    134437    65109  3.102e-01  2.7292e+05   0.994   0.989  2.6425e+05   0.963  q11.txt
  11   340170  1.000e+09  18  0.818    172     140053     69328    33885  2.956e-01  1.4104e+05   1.007   1.001  1.3613e+05   0.972  q11.txt
  11   340170  1.000e+09  19  0.864    163      70725     35443    17552  2.785e-01  7.2348e+04   1.023   1.017  6.9342e+04   0.980  q11.txt
  11   340170  1.000e+09  20  0.909    154      35282     17891     8985  2.594e-01  3.6815e+04   1.043   1.037  3.5073e+04   0.994  q11.txt
  11   340170  1.000e+09  21  0.955    146      17391      8906     5044  2.388e-01  1.8562e+04   1.067   1.060  1.7566e+04   1.010  q11.txt
  17   220110  1.000e+09  16  0.471    302    1077837    673209   484142  2.640e-01  1.0297e+06   0.955   0.952  1.0081e+06   0.935  q17.txt
  17   220110  1.000e+09  17  0.500    283     404628    189067    88008  1.747e-01  3.7913e+05   0.937   0.934  3.6748e+05   0.908  q17.txt
  17   220110  1.000e+09  18  0.529    267     215561    101059    47069  1.673e-01  2.0290e+05   0.941   0.938  1.9600e+05   0.909  q17.txt
  17   220110  1.000e+09  19  0.559    252     114502     53990    25345  1.591e-01  1.0820e+05   0.945   0.941  1.0424e+05   0.910  q17.txt
  17   220110  1.000e+09  20  0.588    239      60512     28645    13626  1.502e-01  5.7461e+04   0.950   0.946  5.5093e+04   0.910  q17.txt
  17   220110  1.000e+09  21  0.618    227      31867     15019     7076  1.408e-01  3.0396e+04   0.954   0.950  2.9016e+04   0.911  q17.txt
  17   220110  1.000e+09  22  0.647    216      16848      7943     3653  1.307e-01  1.5976e+04   0.948   0.944  1.5213e+04   0.903  q17.txt
  17   220110  1.000e+09  23  0.676    206       8905      4290     2064  1.203e-01  8.3419e+03   0.937   0.932  7.9040e+03   0.888  q17.txt
  17   220110  1.000e+09  24  0.706    197       4615      2226     1026  1.098e-01  4.3290e+03   0.938   0.933  4.0770e+03   0.883  q17.txt
  17   220110  1.000e+09  25  0.735    189       2389      1200      597  9.900e-02  2.2259e+03   0.932   0.927  2.0868e+03   0.873  q17.txt
  17   220110  1.000e+09  26  0.765    181       1189       603      295  8.842e-02  1.1355e+03   0.955   0.950  1.0541e+03   0.887  q17.txt
  17   220110  1.000e+09  27  0.794    174        586       308      166  7.797e-02  5.7311e+02   0.978   0.972  5.2900e+02   0.903  q17.txt
  17   220110  1.000e+09  28  0.824    168        278       142       67  6.782e-02  2.8579e+02   1.028   1.022  2.6095e+02   0.939  q17.txt
  17   220110  1.000e+09  29  0.853    162        136        75       41  5.828e-02  1.4105e+02   1.037   1.031  1.2690e+02   0.933  q17.txt
  17   220110  1.000e+09  30  0.882    156         61        34       18  4.923e-02  6.8543e+01   1.124   1.116  6.1102e+01   1.002  q17.txt
  17   220110  1.000e+09  31  0.912    151         27        16        9  4.086e-02  3.2783e+01   1.214   1.206  2.8852e+01   1.069  q17.txt
  17   220110  1.000e+09  32  0.941    146         11         7        4  3.335e-02  1.5436e+01   1.403   1.394  1.3222e+01   1.202  q17.txt
  17   220110  1.000e+09  33  0.971    141          4         3        2  2.656e-02  7.1045e+00   1.776   1.764  5.9548e+00   1.489  q17.txt
  23   162690  1.000e+09  24  0.522    267       5991      2793     1262  7.287e-02  5.4204e+03   0.905   0.901  5.1235e+03   0.855  q23.txt
  23   162690  1.000e+09  25  0.543    256       3198      1531      734  6.589e-02  2.8348e+03   0.886   0.883  2.6659e+03   0.834  q23.txt
  23   162690  1.000e+09  26  0.565    245       1667       797      387  5.903e-02  1.4722e+03   0.883   0.880  1.3772e+03   0.826  q23.txt
  23   162690  1.000e+09  27  0.587    236        870       410      181  5.231e-02  7.5762e+02   0.871   0.867  7.0586e+02   0.811  q23.txt
  23   162690  1.000e+09  28  0.609    227        460       229      109  4.581e-02  3.8602e+02   0.839   0.835  3.5656e+02   0.775  q23.txt
  23   162690  1.000e+09  29  0.630    219        231       120       57  3.968e-02  1.9485e+02   0.843   0.840  1.7824e+02   0.772  q23.txt
  23   162690  1.000e+09  30  0.652    211        111        63       37  3.383e-02  9.6985e+01   0.874   0.870  8.8280e+01   0.795  q23.txt
  23   162690  1.000e+09  31  0.674    204         48        26       14  2.841e-02  4.7622e+01   0.992   0.987  4.2921e+01   0.894  q23.txt
  23   162690  1.000e+09  32  0.696    198         22        12        7  2.351e-02  2.3080e+01   1.049   1.044  2.0446e+01   0.929  q23.txt
  23   162690  1.000e+09  33  0.717    192         10         5        2  1.906e-02  1.0973e+01   1.097   1.092  9.5833e+00   0.958  q23.txt
  23   162690  1.000e+09  34  0.739    186          5         3        2  1.509e-02  5.1022e+00   1.020   1.015  4.4036e+00   0.881  q23.txt
  23   162690  1.000e+09  35  0.761    180          2         1        0  1.167e-02  2.3197e+00   1.160   1.153  1.9686e+00   0.984  q23.txt
  23   162690  1.000e+09  36  0.783    175          1         1        1  8.760e-03  1.0253e+00   1.025   1.019  8.4395e-01   0.844  q23.txt
  29   129030  1.000e+09  24  0.414    336      21455     11532     5956  1.745e-01  1.9948e+04   0.930   0.927  1.9521e+04   0.910  q29.txt
  29   129030  1.000e+09  26  0.448    310       4347      2466     1342  1.041e-01  4.0583e+03   0.934   0.931  3.9161e+03   0.901  q29.txt
  29   129030  1.000e+09  28  0.483    287        757       478      332  4.977e-02  6.6715e+02   0.881   0.878  6.3018e+02   0.832  q29.txt
  29   129030  1.000e+09  30  0.517    267        133        71       34  2.468e-02  1.1455e+02   0.861   0.858  1.0469e+02   0.787  q29.txt
  29   129030  1.000e+09  32  0.552    250         25        14        7  1.720e-02  2.7821e+01   1.113   1.108  2.4780e+01   0.991  q29.txt
  29   129030  1.000e+09  34  0.586    234          4         3        2  1.111e-02  6.2952e+00   1.574   1.567  5.5185e+00   1.380  q29.txt
  41  3741870  1.000e+09  24  0.293     11       2503      1140      515  3.155e-01  2.1943e+03   0.877   0.803  2.4357e+03   0.973  q41.txt
  41  3741870  1.000e+09  25  0.305     11       1363       625      286  2.788e-01  1.1572e+03   0.849   0.774  1.2895e+03   0.946  q41.txt
  41  3741870  1.000e+09  26  0.317     10        738       339      154  2.440e-01  6.0515e+02   0.820   0.745  6.7858e+02   0.919  q41.txt
  41  3741870  1.000e+09  27  0.329     10        399       185       86  2.113e-01  3.1391e+02   0.787   0.712  3.5370e+02   0.886  q41.txt
  41  3741870  1.000e+09  28  0.341      9        214        99       40  1.809e-01  1.6101e+02   0.752   0.677  1.8229e+02   0.852  q41.txt
  41  3741870  1.000e+09  29  0.354      9        115        59       29  1.530e-01  8.1749e+01   0.711   0.638  9.3240e+01   0.811  q41.txt
  41  3741870  1.000e+09  30  0.366      9         56        30       15  1.276e-01  4.0937e+01   0.731   0.653  4.6960e+01   0.839  q41.txt
  41  3741870  1.000e+09  31  0.378      8         26        15        8  1.047e-01  2.0224e+01   0.778   0.691  2.3305e+01   0.896  q41.txt
  41  3741870  1.000e+09  32  0.390      8         11         7        4  8.450e-02  9.8307e+00   0.894   0.793  1.1422e+01   1.038  q41.txt
  41  3741870  1.000e+09  33  0.402      8          4         3        2  6.682e-02  4.6877e+00   1.172   1.035  5.4804e+00   1.370  q41.txt
  41  3741870  1.000e+09  34  0.415      8          1         1        1  5.161e-02  2.1873e+00   2.187   1.920  2.5652e+00   2.565  q41.txt
   5   748374  1.000e+09   4  0.400    445 1953114011 1321356244 970460572  8.729e-01  1.9264e+09   0.986   0.984  1.9073e+09   0.977  q5.txt
   5   748374  1.000e+09   5  0.500    334  631757767 350895672 198027267  7.099e-01  6.1461e+08   0.973   0.970  6.0764e+08   0.962  q5.txt
   5   748374  1.000e+09   6  0.600    267  280862095 152868405 83747625  7.612e-01  2.7587e+08   0.982   0.979  2.7295e+08   0.972  q5.txt
   5   748374  1.000e+09   7  0.700    222  127993690  69120780 37234249  8.045e-01  1.2715e+08   0.993   0.989  1.2580e+08   0.983  q5.txt
   5   748374  1.000e+09   8  0.800    190   58872910  31886531 17065779  8.356e-01  5.9249e+07   1.006   1.001  5.8588e+07   0.995  q5.txt
   5   748374  1.000e+09   9  0.900    167   26986379  14820752  9244432  8.496e-01  2.7601e+07   1.023   1.017  2.7171e+07   1.007  q5.txt
  41  3741870  1.500e+09  14  0.171     30    2163829    984971   448815  7.218e-01  2.0788e+06   0.961   0.930  2.1564e+06   0.997  fam3741870_15e8.txt
  41  3741870  1.500e+09  16  0.195     26     642702    292241   132659  6.429e-01  6.1275e+05   0.953   0.918  6.3988e+05   0.996  fam3741870_15e8.txt
  41  3741870  1.500e+09  18  0.220     23     190879     87374    39791  5.601e-01  1.8011e+05   0.944   0.904  1.8921e+05   0.991  fam3741870_15e8.txt
  41  3741870  1.500e+09  20  0.244     21      55922     25776    11853  4.761e-01  5.2386e+04   0.937   0.893  5.5368e+04   0.990  fam3741870_15e8.txt
  41  3741870  1.500e+09  22  0.268     19      16223      7466     3408  3.937e-01  1.4997e+04   0.924   0.876  1.5954e+04   0.983  fam3741870_15e8.txt
  41  3741870  1.500e+09  24  0.293     17       4699      2194     1002  3.155e-01  4.1981e+03   0.893   0.843  4.5027e+03   0.958  fam3741870_15e8.txt
  41  3741870  1.500e+09  26  0.317     16       1313       628      290  2.440e-01  1.1440e+03   0.871   0.817  1.2344e+03   0.940  fam3741870_15e8.txt
  41  3741870  1.500e+09  28  0.341     14        347       173       83  1.809e-01  3.0087e+02   0.867   0.809  3.2719e+02   0.943  fam3741870_15e8.txt
  41  3741870  1.500e+09  30  0.366     13         84        42       20  1.276e-01  7.5689e+01   0.901   0.837  8.2949e+01   0.987  fam3741870_15e8.txt
  41  3741870  1.500e+09  31  0.378     13         42        22       12  1.047e-01  3.7185e+01   0.885   0.820  4.0945e+01   0.975  fam3741870b.txt
  41  3741870  1.500e+09  32  0.390     12         20        10        5  8.450e-02  1.7971e+01   0.899   0.829  1.9851e+01   0.993  fam3741870b.txt
  41  3741870  1.500e+09  33  0.402     12         10         5        2  6.682e-02  8.5223e+00   0.852   0.786  9.4674e+00   0.947  fam3741870b.txt
  41  3741870  1.500e+09  34  0.415     12          5         3        2  5.161e-02  3.9547e+00   0.791   0.727  4.4064e+00   0.881  fam3741870b.txt
  41  3741870  1.500e+09  35  0.427     11          2         1        0  3.878e-02  1.7868e+00   0.893   0.819  1.9990e+00   0.999  fam3741870b.txt
  41  3741870  1.500e+09  36  0.439     11          1         1        1  2.816e-02  7.7985e-01   0.780   0.713  8.7795e-01   0.878  fam3741870b.txt
  41  3741870  2.500e+09  26  0.317     26       2748      1327      638  2.440e-01  2.4707e+03   0.899   0.866  2.5906e+03   0.943  fam3741870c.txt
  41  3741870  2.500e+09  27  0.329     25       1421       689      323  2.113e-01  1.2624e+03   0.888   0.854  1.3262e+03   0.933  fam3741870c.txt
  41  3741870  2.500e+09  28  0.341     24        732       366      180  1.809e-01  6.3841e+02   0.872   0.837  6.7236e+02   0.919  fam3741870c.txt
  41  3741870  2.500e+09  29  0.354     23        366       186       95  1.530e-01  3.1951e+02   0.873   0.837  3.3711e+02   0.921  fam3741870c.txt
  41  3741870  2.500e+09  30  0.366     23        180        91       41  1.276e-01  1.5771e+02   0.876   0.838  1.6694e+02   0.927  fam3741870c.txt
  41  3741870  2.500e+09  31  0.378     22         89        50       30  1.047e-01  7.6880e+01   0.864   0.825  8.1551e+01   0.916  fam3741870c.txt
  41  3741870  2.500e+09  32  0.390     21         39        20       10  8.450e-02  3.6839e+01   0.945   0.901  3.9189e+01   1.005  fam3741870c.txt
  41  3741870  2.500e+09  33  0.402     20         19        10        4  6.682e-02  1.7316e+01   0.911   0.868  1.8473e+01   0.972  fam3741870c.txt
  41  3741870  2.500e+09  34  0.415     20          9         6        4  5.161e-02  7.9655e+00   0.885   0.842  8.5216e+00   0.947  fam3741870c.txt
  41  3741870  2.500e+09  35  0.427     19          3         2        1  3.878e-02  3.5662e+00   1.189   1.129  3.8272e+00   1.276  fam3741870c.txt
  41  3741870  2.500e+09  36  0.439     19          1         1        1  2.816e-02  1.5456e+00   1.546   1.465  1.6625e+00   1.662  fam3741870c.txt
  29   129030  1.000e+09  20  0.345    407     372186    185968    92023  3.549e-01  3.5852e+05   0.963   0.961  3.5331e+05   0.949  fam129030_1e9.txt
  29   129030  1.000e+09  22  0.379    369      92273     47297    23776  2.592e-01  8.7627e+04   0.950   0.947  8.5901e+04   0.931  fam129030_1e9.txt
  29   129030  1.000e+09  24  0.414    336      21455     11532     5956  1.745e-01  1.9948e+04   0.930   0.927  1.9521e+04   0.910  fam129030_1e9.txt
  29   129030  1.000e+09  26  0.448    310       4347      2466     1342  1.041e-01  4.0583e+03   0.934   0.931  3.9161e+03   0.901  fam129030_1e9.txt
  29   129030  1.000e+09  28  0.483    287        757       478      332  4.977e-02  6.6715e+02   0.881   0.878  6.3018e+02   0.832  fam129030_1e9.txt
  29   129030  1.000e+09  30  0.517    267        133        71       34  2.468e-02  1.1455e+02   0.861   0.858  1.0469e+02   0.787  fam129030_1e9.txt
  29   129030  1.000e+09  32  0.552    250         25        14        7  1.720e-02  2.7821e+01   1.113   1.108  2.4780e+01   0.991  fam129030_1e9.txt
  29   129030  1.000e+09  34  0.586    234          4         3        2  1.111e-02  6.2952e+00   1.574   1.567  5.5185e+00   1.380  fam129030_1e9.txt
  17      330  1.000e+08  22  0.647  14430      19342     12699     9138  2.672e-02  1.6481e+04   0.852   0.852  1.5204e+04   0.786  ext_1e8.txt
  17      330  1.000e+08  23  0.676  13774       6643      3561     1879  1.597e-02  5.5061e+03   0.829   0.829  4.9305e+03   0.742  ext_1e8.txt
  17      330  1.000e+08  24  0.706  13175       3082      1682      837  1.357e-02  2.6238e+03   0.851   0.851  2.3038e+03   0.748  ext_1e8.txt
  17      330  1.000e+08  25  0.735  12626       1400       845      495  1.119e-02  1.2158e+03   0.868   0.868  1.0451e+03   0.746  ext_1e8.txt
  17      330  1.000e+08  26  0.765  12121        555       350      204  8.876e-03  5.4324e+02   0.979   0.979  4.5411e+02   0.818  ext_1e8.txt
  17      330  1.000e+08  27  0.794  11655        205       146      100  6.684e-03  2.3096e+02   1.127   1.127  1.8510e+02   0.903  ext_1e8.txt
  17      330  1.000e+08  28  0.824  11223         59        46       38  4.665e-03  9.1198e+01   1.546   1.546  6.8614e+01   1.163  ext_1e8.txt
  17      330  1.000e+08  29  0.853  10822         13         8        4  2.862e-03  3.1722e+01   2.440   2.440  2.0958e+01   1.612  ext_1e8.txt
  17      330  1.000e+08  30  0.882  10449          5         4        3  2.537e-03  1.5977e+01   3.195   3.195  1.0087e+01   2.017  ext_1e8.txt
  17      330  1.000e+08  31  0.912  10101          1         1        1  2.211e-03  7.9290e+00   7.929   7.928  4.7384e+00   4.738  ext_1e8.txt
  23     5610  1.000e+09  34  0.739   5401          9         6        4  3.344e-03  1.0987e+01   1.221   1.221  8.8065e+00   0.979  ext_1e9.txt
  23     5610  1.000e+09  35  0.761   5242          3         2        1  2.660e-03  4.9780e+00   1.659   1.659  3.8940e+00   1.298  ext_1e9.txt
  11       30  2.000e+06  12  0.545   6060     434143    226279   114140  2.077e-01  3.8440e+05   0.885   0.885  3.6953e+05   0.851  repro_2e6.txt
  11       30  2.000e+06  14  0.636   5128      95725     53706    28662  1.461e-01  8.4030e+04   0.878   0.878  7.9562e+04   0.831  repro_2e6.txt
  11       30  2.000e+06  16  0.727   4444      16975     10948     7772  8.028e-02  1.4862e+04   0.876   0.875  1.3510e+04   0.796  repro_2e6.txt
  11       30  2.000e+06  18  0.818   3921       2851      1564      834  4.307e-02  2.6763e+03   0.939   0.938  2.2128e+03   0.776  repro_2e6.txt
  17      330  1.900e+07  22  0.647   2741       1819      1197      860  2.649e-02  1.6755e+03   0.921   0.921  1.4895e+03   0.819  repro_19e6.txt
  17      330  1.900e+07  24  0.706   2503        285       157       77  1.341e-02  2.9336e+02   1.029   1.029  2.4159e+02   0.848  repro_19e6.txt
  17      330  1.900e+07  26  0.765   2303         48        28       13  8.751e-03  6.6903e+01   1.394   1.393  5.1440e+01   1.072  repro_19e6.txt
  17      330  1.900e+07  28  0.824   2132          5         4        3  4.581e-03  1.2375e+01   2.475   2.474  8.2230e+00   1.645  repro_19e6.txt

supply law check: worst |ln(model pairs/exact pairs)| = 0.13026 (base 3741870, n=34)

==========================================================================================
RESIDUAL vs s = n/(2 q_min).   binned, weight = exact COUNT (Poisson), points with COUNT >= 30 only
==========================================================================================
       s bin  pts   sum COUNT  <M2s/ex>  <M3/ex>          spread M3
  [0.00,0.20)    2     2806531     0.927    0.996    0.996 .. 0.997
  [0.20,0.30)    5      270226     0.898    0.990    0.958 .. 0.991
  [0.30,0.40)   19      474705     0.955    0.945    0.811 .. 1.005
  [0.40,0.50)    9  1991709104     0.984    0.976    0.832 .. 0.977
  [0.50,0.60)   15   658104005     0.969    0.961    0.787 .. 0.962
  [0.60,0.65)    9   283010723     0.978    0.972    0.772 .. 0.972
  [0.65,0.70)    5     1045627     0.970    0.951    0.742 .. 0.953
  [0.70,0.75)    8   128555900     0.989    0.983    0.746 .. 0.983
  [0.75,0.80)    6      277073     0.989    0.962    0.818 .. 1.072
  [0.80,0.85)    5    59016151     1.001    0.995    0.776 .. 1.163
  [0.85,0.90)    3       70922     1.017    0.980    0.933 .. 1.002
  [0.90,1.01)    3    27039052     1.017    1.007    0.994 .. 1.010

residual at the s nearest 0.707, per family (q_min):
 qmin    n      s     COUNT  M2s/ex   M3/ex
    5    7  0.700 127993690   0.989   0.983
   11   16  0.727    533464   0.979   0.956
   17   24  0.706      4615   0.933   0.883
   23   31  0.674        48   0.987   0.894
   29   30  0.517       133   0.858   0.787
   41   32  0.390        39   0.901   1.005

==========================================================================================
SLOPE OF ln(residual) IN s   (weighted LS, weight = exact COUNT; 95% CI = +-1.96 sigma)
==========================================================================================
  M2s all s, COUNT>=30   pts= 89  d ln(res)/ds = +0.0093 +- 0.0087   res(s=0.707) = 0.983   [95% CI 0.971..0.995]  chi2/dof=2558.7
  M2s s <= 0.75          pts= 72  d ln(res)/ds = -0.0252 +- 0.0101   res(s=0.707) = 0.974   [95% CI 0.961..0.988]  chi2/dof=2158.9
  M2s s in [0.4,1.0]     pts= 63  d ln(res)/ds = +0.0078 +- 0.0102   res(s=0.707) = 0.983   [95% CI 0.969..0.997]  chi2/dof=3468.2
  M2s s in [0.6,1.0]     pts= 39  d ln(res)/ds = +0.1198 +- 0.0052   res(s=0.707) = 0.991   [95% CI 0.984..0.998]  chi2/dof=104.7
  M3 all s, COUNT>=30   pts= 89  d ln(res)/ds = +0.0085 +- 0.0094   res(s=0.707) = 0.975   [95% CI 0.963..0.988]  chi2/dof=2941.4
  M3 s <= 0.75          pts= 72  d ln(res)/ds = -0.0270 +- 0.0110   res(s=0.707) = 0.966   [95% CI 0.951..0.981]  chi2/dof=2588.4
  M3 s in [0.4,1.0]     pts= 63  d ln(res)/ds = +0.0091 +- 0.0112   res(s=0.707) = 0.976   [95% CI 0.961..0.991]  chi2/dof=4155.7
  M3 s in [0.6,1.0]     pts= 39  d ln(res)/ds = +0.1174 +- 0.0082   res(s=0.707) = 0.984   [95% CI 0.973..0.995]  chi2/dof=262.2

q_min dependence at matched s (is s the right scaling variable?)
      s window        5       11       17       23       29       41
  [0.60,0.70)      0.972    0.943    0.861    0.783        -        - 
  [0.70,0.80)      0.983    0.955    0.835        -        -        - 
  [0.80,0.90)      0.995    0.972    0.967        -        -        - 
  [0.90,1.01)      1.007    0.999        -        -        -        - 

==========================================================================================
WITHIN-FAMILY TRANSPORT RATIO  res(s=0.707)/res(s=0.44)
  (= the factor by which carrying base(58)'s own measured residual
   from its last exact point, s=0.44, out to n=58 at s=0.707 is wrong)
==========================================================================================
 qmin     base  n@0.44  n@0.707  res@0.44  res@0.707   ratio             COUNTs
    5   748374       4        7     0.977      0.983   1.006 1953114011,127993690
   11   340170      10       16     0.956      0.956   1.000  37464138,  533464
   17   220110      16       24     0.935      0.883   0.945   1077837,    4615
   23   162690      24       31     0.855      0.894   1.046      5991,      48

PER-FAMILY SLOPE over the family's OWN s range (COUNT >= 30):
 qmin     base  pts        s range  d ln(res)/ds   sigma  res lo  res hi  hi/lo
    5   748374    6  0.400- 0.900       +0.0119  0.0367   0.977   1.007  1.031
   11       30    4  0.545- 0.818       -0.3146  0.0389   0.851   0.776  0.912
   11   340170   12  0.455- 0.955       -0.0602  0.0505   0.956   1.010  1.056
   17      330   10  0.647- 0.824       -0.1561  0.4503   0.786   1.163  1.479
   17   220110   15  0.471- 0.882       -0.2604  0.0622   0.935   1.002  1.071
   23   162690    8  0.522- 0.674       -0.7763  0.1737   0.855   0.894  1.046
   29   129030   10  0.345- 0.517       -0.6155  0.0483   0.949   0.787  0.829
   41  3741870   24  0.171- 0.390       -0.1687  0.0350   0.997   1.005  1.008
  -> transport ratio spans 0.945 .. 1.046 over 4 families (geometric mean 0.998)

==========================================================================================
COUNT-WEIGHTED GEOMETRIC-MEAN RESIDUAL PER FAMILY (COUNT >= 30)
==========================================================================================
 qmin     base          X  pts        s range    sum COUNT  <M2s/ex>  <M3/ex>
    5   748374   1.00e+09    6  0.400- 0.900   3079586852     0.981    0.974
   11       30   2.00e+06    4  0.545- 0.818       549694     0.884    0.845
   11   340170   1.00e+09   12  0.455- 0.955     66652699     0.961    0.948
   17      330   1.90e+07    3  0.647- 0.765         2152     0.943    0.828
   17      330   1.00e+08    7  0.647- 0.824        31286     0.852    0.773
   17   220110   1.00e+09   15  0.471- 0.882      1939914     0.946    0.923
   23   162690   1.00e+09    8  0.522- 0.674        12576     0.888    0.838
   29   129030   1.00e+09   10  0.345- 0.517       517843     0.955    0.941
   41  3741870   1.00e+09    7  0.293- 0.366         5388     0.769    0.942
   41  3741870   1.50e+09   10  0.171- 0.378      3076040     0.924    0.996
   41  3741870   2.50e+09    7  0.317- 0.390         5575     0.856    0.935
