11597 5
11597 5
513 5
513 5
39519 2
39519 2
60860 4
60860 4
135936 0
11597 5
17228 5
513 5
19706 13
39519 2
88854 5
60860 4
93152 2
11597 5
15052 7
513 5
135113 6
39519 2
22649 7
60860 4
149732 0
11597 5
75198 4
513 5
152720 0
39519 2
161435 2
60860 4
36846 8
11597 5
25632 9
513 5
107067 4
39519 2
9879 8
60860 4
32724 8
11597 5
16463 9
513 5
27876 9
39519 2
52520 3
60860 4
46759 5
11597 5
93304 3
513 5
76612 17
39519 2
163496 5
60860 4
6441 11
11597 5
269392 5
513 5
23617 7
39519 2
127238 4
60860 4
220011 3
11597 5
146674 6
513 5
46669 5
39519 2
340017 0
60860 4
