configurations read: 19802
 cov        T_lower    2*maxy    57*prod   alpha     beta      gamma  forced primes
  10       71095530       438   71095530     -32      664      44521  [2, 5, 11, 17, 23, 29]
  11       71095530       282   71095530     -35      560      17956  [2, 5, 11, 17, 23, 29]
  12       71095530        80   71095530       2     -114       1600  [2, 5, 11, 17, 23, 29]
  13     2914916730       362 2914916730     -20      540      29241  [2, 5, 11, 17, 23, 29, 41]
  14     2914916730       212 2914916730     -15      750       2401  [2, 5, 11, 17, 23, 29, 41]
  15     3768063090       188 3768063090     -16      688       1444  [2, 5, 11, 17, 23, 29, 53]
  16     3768063090       188 3768063090     -16      752          4  [2, 5, 11, 17, 23, 29, 53]
  17  7261057574430       200 7261057574430     -12      672        784  [2, 5, 11, 17, 23, 29, 41, 47, 53]
