54693 13
7906 15
313821 12
485216 2
397542 0
190865 9
90978 20
272934 10
127086 15
232755 12
395182 8
71390 13
265323 4
104017 9
66139 9
220896 1
281312 20
390049 0
353587 0
195526 6
215763 5
78942 12
33276 15
369104 0
172398 7
381671 0
33984 15
58115 26
240720 4
35990 13
51625 6
331521 1
214819 5
253818 12
10679 16
64723 15
88913 35
134107 10
6608 9
101952 11
6490 17
65903 13
211810 10
63366 28
108029 11
152987 8
65490 11
301962 2
311166 7
125375 10
33866 7
130626 9
86553 11
358838 1
150686 10
135936 9
100713 14
384267 4
312523 2
183313 8
305030 2
184965 3
14219 16
113162 15
153105 23
386037 0
225852 5
387984 18
343793 1
136998 7
377128 0
11623 29
462029 6
241074 13
546281 3
281725 14
371818 19
174817 8
247210 8
48911 14
453297 0
341433 1
399430 1
7257 17
511412 4
114047 10
21417 16
465982 1
239186 5
170864 7
348218 2
476897 14
530764 0
213993 0
383618 0
214996 7
366095 0
104194 11
119416 10
335651 1
348454 1
413118 2
84429 12
196234 6
132927 9
270279 6
385683 0
125434 10
153046 8
93869 7
331167 2
550470 0
406569 0
380727 6
129505 9
393058 0
245086 1
78293 12
242490 26
254998 4
129269 2
158297 8
213698 6
300900 2
224554 19
166734 7
122484 25
129210 8
102719 11
25311 10
10797 15
211338 5
8024 17
34102 15
65313 13
190511 6
34810 15
167619 9
85845 11
20768 16
291932 2
330223 1
183726 21
97291 10
72216 13
17759 7
409460 3
342613 1
192458 4
309455 3
480437 0
121304 18
161483 1
495541 1
104371 9
295059 3
222135 13
202724 6
119475 10
164197 8
51094 14
116407 11
210512 5
590059 7
111805 10
153754 8
176469 7
406156 0
330872 3
202075 28
125552 1
207385 1
348749 7
465510 3
257830 1
311048 4
95993 11
165613 3
444978 1
174522 7
226324 9
28438 15
326978 1
93751 9
2242 13
121245 33
373175 0
134815 9
96701 31
370284 0
102896 10
247564 5
48616 13
475245 7
282138 4
423620 2
282905 7
404563 0
28202 25
245794 4
