1 1 1 3 6 10 15 21 28 36 45 55 66 78 91
1 9 40 41
2 1 4 12 24 40 60 84
5 9 38 43
7 9 37 44
3 1 2 5 9 14 20 27 35 44 54 65 77 90
4 1 6 16 30 48 70 96
11 9 35 46
13 9 34 47
5 1 3 7 12 18 25 33 42 52 63 75 88
17 9 32 49
6 1 8 20 36 56 80
19 9 31 50
7 1 4 9 15 22 30 39 49 60 72 85 99
23 9 29 52
8 1 10 24 42 64 90
25 9 28 53
29 9 26 55
9 1 5 11 18 26 35 45 56 68 81 95
31 9 25 56
10 1 12 28 48 72 100
35 9 23 58
11 1 6 13 21 30 40 51 63 76 90
37 9 22 59
12 1 14 32 54 80
41 9 20 61
13 1 7 15 24 34 45 57 70 84 99
43 9 19 62
14 1 16 36 60 88
47 9 17 64
15 1 8 17 27 38 50 63 77 92
49 9 16 65
16 1 18 40 66 96
53 9 14 67
55 9 13 68
17 1 9 19 30 42 55 69 84 100
18 1 20 44 72
59 9 11 70
61 9 10 71
19 1 10 21 33 46 60 75 91
20 1 22 48 78
65 9 8 73 97
67 9 7 74 95
21 1 11 23 36 50 65 81 98
22 1 24 52 84
71 9 5 76 91
23 1 12 25 39 54 70 87
73 9 4 77 89
24 1 26 56 90
77 9 2 79 85
25 1 13 27 42 58 75 93
79 9 1 80 83
26 1 28 60 96
83 9 79 82
27 1 14 29 45 62 80 99
85 9 77 83
28 1 30 64
89 9 73 85
29 1 15 31 48 66 85
91 9 71 86
30 1 32 68
95 9 67 88
31 1 16 33 51 70 90
32 1 34 72
97 9 65 89
33 1 17 35 54 74 95
101 9 61 91
34 1 36 76
103 9 59 92
35 1 18 37 57 78 100
107 9 55 94
36 1 38 80
109 9 53 95
37 1 19 39 60 82
113 9 49 97
38 1 40 84
115 9 47 98
39 1 20 41 63 86
119 9 43 100
40 1 42 88
41 1 21 43 66 90
42 1 44 92
43 1 22 45 69 94
44 1 46 96
45 1 23 47 72 98
46 1 48 100
47 1 24 49 75
49 1 25 51 78
51 1 26 53 81
53 1 27 55 84
55 1 28 57 87
57 1 29 59 90
59 1 30 61 93
61 1 31 63 96
63 1 32 65 99
65 1 33 67
67 1 34 69
69 1 35 71
71 1 36 73
73 1 37 75
75 1 38 77
77 1 39 79
79 1 40 81
81 1 41 83
83 1 42 85
85 1 43 87
87 1 44 89
89 1 45 91
91 1 46 93
93 1 47 95
95 1 48 97
97 1 49 99
595 33 93 98
613 33 91 95
631 33 84 97
743 33 48 100
761 33 49 92
779 33 50 84
797 33 51 76
815 33 52 68
833 33 53 60
851 33 52 54
887 33 36 56
905 33 28 57 92
923 33 20 58 83
941 33 12 59 74
959 33 4 60 65
977 33 56 61
995 33 47 62
1013 33 38 63
1031 33 29 64
1039 33 25 95
1049 33 20 65
1057 33 16 85
1075 33 7 75
1085 33 2 67
3881 65 81 84
3931 65 60 82
3981 65 36 83
4031 65 12 84 97
4081 65 72 85
4131 65 47 86
4181 65 22 87
4219 65 3 91
71 105 72 87
73 105 64 75
89 105 11 73
107 105 7 31 74
109 105 11 24 62
127 105 1 61 87
143 105 41 76
218 105 44 96
223 105 66 69
227 105 46 93
307 105 23 51
323 105 60 86
341 105 2 40 87
359 105 16 88
361 105 22 48
443 105 53 80
521 105 58 97
523 105 39 48
541 105 38 85
557 105 13 14 99
559 105 8 20 37
577 105 3 36
664 105 42 88
668 105 62 64
673 105 39 92
739 105 27 82
757 105 5 26
793 105 24 67
811 105 23 33
893 105 48 71
991 105 13 51
1009 105 12 29
1027 105 5 11
1109 105 31 82
1114 105 52 56
1118 105 32 80
1189 105 2 46
1207 105 1 86
1339 105 34 63
1343 105 16 89
1559 105 40 41 99
1564 105 16 70
1604 105 16 94
1613 105 65 93
1739 105 2 79
1829 105 18 69
2054 105 20 44
2063 105 43 78
2171 105 31 57
2279 105 19 22
2396 105 6 30
2441 105 1 59
4009 105 89 91
3 10 27 80
11 10 24 85
13 10 33 70
19 10 21 90
21 10 36 65
27 10 18 95
29 10 39 60
37 10 42 55
53 10 45 48
61 10 40 51
63 10 11 98
69 10 35 54
71 10 12 91
77 10 30 57
79 10 13 84
87 10 14 77
93 10 20 63
101 10 15 66 99
103 10 16 63 97
109 10 10 69 91
111 10 17 56 89
117 10 5 72 83
119 10 18 49 81
127 10 19 42 73
133 10 67 78
137 10 63 99
141 10 59 81
143 10 21 28 57
149 10 51 84
151 10 21 22 49
153 10 47 81
157 10 43 87
159 10 14 23 41
161 10 39 72
167 10 7 24 33
169 10 31 63
173 10 27 93
177 10 23 54
181 10 19 96
183 10 17 26
189 10 11 99
191 10 9 27
193 10 7 36
199 10 1 28
4451 105 10 88
4558 105 76 88
327 10 44 90
343 10 46 60
351 10 45 47 98
359 10 30 48 82
367 10 15 49 66
383 10 34 51
391 10 18 52
393 10 14 68
399 10 2 53
543 10 71 92
551 10 69 72
559 10 46 73
567 10 23 74 99
4783 105 26 92
583 10 51 76
591 10 27 77
593 10 21 100
599 10 3 78
4801 105 11 22
751 10 93 97
759 10 62 98
767 10 31 99
5801 105 13 90
8129 105 74 95
9577 105 43 55
9602 105 44 88
12223 105 15 70
455 18 67 98
463 18 68 91
479 18 70 77
487 18 70 71
503 18 56 73
511 18 49 74
527 18 35 76
535 18 28 77
551 18 14 79 97
559 18 7 80 89
575 18 73 82
583 18 65 83
599 18 49 85
607 18 41 86
623 18 25 88
631 18 17 89
641 18 7 99
647 18 1 91
71 90 36 98
271 90 45 82
377 90 41 85
577 90 49 68
671 90 50 63
871 90 34 72
977 90 34 65
1177 90 17 73
1271 90 2 90
1319 90 7 75
1369 90 69 82
1433 90 70 74
1519 90 8 51
1577 90 56 89
1633 90 49 77
1769 90 21 32
1777 90 31 97
1919 90 3 10
2017 90 1 92
17051 105 38 77
5557 90 87 99
17 42 35 53
23 42 1 41 58
31 42 47 59
41 42 39 50
55 42 28 62
89 42 42 44
95 42 2 33 67
103 42 55 68
113 42 31 41
121 42 40 57
127 42 21 71
167 42 3 25 76
185 42 23 32
193 42 31 65
199 42 14 80
233 42 26 56
239 42 4 17 85
247 42 71 86
257 42 15 23
265 42 22 73
271 42 7 89
305 42 17 63
311 42 5 9 94
319 42 79 95
337 42 13 81
361 42 10 94
377 42 8 70
383 42 1 6
409 42 4 89
433 42 1 78
1123 42 75 95
1195 42 48 100
3047 42 35 43
3055 42 28 72
3407 42 48 71
3505 42 23 73
3839 42 54 90
3911 42 10 55
6575 42 75 92
829 35 82 84
853 35 60 99
879 35 63 86
927 35 41 92
929 35 42 90
953 35 55 66
977 35 43 69
979 35 21 94
1003 35 33 69
1027 35 45 46 99
1051 35 22 60 87
1053 35 11 72 86
1077 35 23 47 74
1101 35 23 36 62
1103 35 61 75
1149 35 38 65
1151 35 12 24 37
1153 35 36 78
1173 35 26 81
1177 35 24 51
1199 35 13 39
1201 35 12 25
1203 35 11 81
1223 35 1 54
2252 35 94 96
2277 35 72 95
2301 35 47 98
2302 35 48 96
2327 35 24 97
2351 35 48 49 99
2377 35 73 99
2402 35 48 100
2449 35 1 51
3601 35 37 73
3651 35 36 74
1 11 60 61
3 11 59 62
5 11 58 63
7 11 57 64
9 11 56 65
13 11 54 67
15 11 53 68
17 11 52 69
19 11 51 70
21 11 50 71
23 11 49 72
25 11 48 73
27 11 47 74
29 11 46 75
31 11 45 76
35 11 43 78
37 11 42 79
39 11 41 80
41 11 40 81
43 11 39 82
45 11 38 83
47 11 37 84
49 11 36 85
51 11 35 86
53 11 34 87
57 11 32 89
59 11 31 90
61 11 30 91
63 11 29 92
65 11 28 93
67 11 27 94
69 11 26 95
71 11 25 96
73 11 24 97
75 11 23 98
79 11 21 100
14119 90 49 71
95 66 3 97
167 66 4 89
239 66 5 81
311 66 6 73
329 66 71 95
383 66 7 65
401 66 63 86
455 66 8 57
527 66 9 49
545 66 47 68
599 66 10 41
617 66 39 59
689 66 31 50
743 66 12 25
761 66 23 41
815 66 13 17
833 66 15 32
887 66 9 14
905 66 7 23
959 66 1 15
18119 90 28 91
7965 91 72 83
8063 91 24 84
8161 91 60 85
8259 91 11 86
4801 35 97 99
1 2 7 9 30 34 69 75
3 2 5 11 26 38 63 81
5 2 3 13 22 42 57 87
7 2 1 15 18 46 51 93 100
9 2 14 17 45 50 92 99
11 2 10 19 39 54 84
13 2 6 21 33 58 76
15 2 2 23 27 62 68
17 2 21 25 60 66
19 2 15 27 52 70
21 2 9 29 44 74 95
23 2 3 31 36 78 85
25 2 28 33 75 82
27 2 20 35 65 86
29 2 12 37 55 90
31 2 4 39 45 94
33 2 35 41 90 98
35 2 25 43 78
37 2 15 45 66
39 2 5 47 54
41 2 42 49
43 2 30 51 91
45 2 18 53 77
47 2 6 55 63
49 2 49 57
51 2 35 59
53 2 21 61 88
55 2 7 63 72
57 2 56 65
59 2 40 67
61 2 24 69 99
63 2 8 71 81
65 2 63 73
67 2 45 75
69 2 27 77
71 2 9 79 90
73 2 70 81
75 2 50 83
77 2 30 85
79 2 10 87 99
81 2 77 89
83 2 55 91
85 2 33 93
87 2 11 95
89 2 84 97
91 2 60 99
9599 99 40 60
9761 99 20 61
2447 36 62 79
2479 36 31 80
2543 36 49 82
2575 36 17 83
2015 114 33 97
2087 114 34 89
2159 114 35 81
2231 114 36 73
2303 114 37 65
2447 114 39 49
2465 114 47 98
2519 114 40 41
2537 114 39 89
2591 114 33 41
2609 114 31 80
2663 114 25 42
2681 114 23 71
2735 114 17 43
2753 114 15 62
2807 114 9 44
2825 114 7 53
2879 114 1 45
1423 28 46 93
1455 28 47 62
1487 28 31 48 81
1521 28 47 99
1551 28 17 50
1553 28 15 66
3055 28 63 97
3119 28 34 99
7 12 60 85
11 12 52 95
25 12 68 75
43 12 65 76
61 12 55 84
79 12 45 92
97 12 35 100
107 12 38 91
125 12 42 77
143 12 46 63
157 12 21 88
161 12 49 50
175 12 23 72
179 12 35 54
193 12 25 56 95
197 12 21 58 91
211 12 27 40 77
215 12 7 62 73
229 12 24 29 59
233 12 55 66
239 12 49 90
247 12 8 31 41
251 12 37 70
257 12 31 70
265 12 23 33
269 12 19 74
271 12 17 99
275 12 13 50
283 12 5 35
287 12 1 78
499 12 59 85
517 12 51 61
535 12 17 63 82
553 12 46 65
563 12 26 95
571 12 10 67
805 12 78 93
823 12 26 95
841 12 69 97
859 12 15 99
5661 77 59 72
5759 77 24 60 85
5857 77 36 61
5903 77 13 75
629 20 66 87
661 20 58 69
679 20 22 93
693 20 29 72
711 20 23 62 89
729 20 71 99
743 20 24 31 57
757 20 43 78
761 20 39 66
789 20 11 81
793 20 7 33
1543 20 49 63
1593 20 14 65
2343 20 74 95
2393 20 21 97
1 13 84 85
3 13 83 86
5 13 82 87
7 13 81 88
9 13 80 89
11 13 79 90
15 13 77 92
17 13 76 93
19 13 75 94
21 13 74 95
23 13 73 96
25 13 72 97
27 13 71 98
29 13 70 99
31 13 69 100
479 78 9 97
551 78 10 89
623 78 11 81
695 78 12 73
785 78 63 92
839 78 14 57
857 78 55 83
911 78 15 49
929 78 47 74
983 78 16 41
1055 78 17 33
1073 78 31 56
1127 78 18 25
1145 78 23 47
1199 78 17 19
1217 78 15 38
1271 78 9 20
1289 78 7 29
1343 78 1 21
25 84 13 92
263 84 22 69
1663 45 73 92
331 84 10 93
1763 45 46 77
1769 45 37 84
1813 45 23 79
1819 45 38 60
551 84 31 46
1913 45 56 83
1919 45 12 40 53
1931 45 47 91
619 84 15 66
1963 45 31 85
1969 45 28 41
1981 45 22 65
803 84 65 85
839 84 23 40 81
907 84 20 39
1091 84 53 78
1163 84 15 45
1195 84 12 25
1415 84 17 58
1433 84 15 82
2407 84 55 89
2767 84 70 82
2831 84 10 56
3055 84 7 18
3869 45 79 98
3919 45 49 80
4019 45 31 82
10895 84 38 63
17167 84 39 99
1 60 7 46 89
37 60 13 93
89 60 79 93
161 60 2 71
163 60 5 48
251 60 26 61
287 60 16 23 57
323 60 33 53
349 60 74 96
449 60 39 82
451 60 10 21
539 60 29 39
611 60 6 21
677 60 70 76
737 60 7 41
773 60 3 55
1087 60 41 55
1127 60 4 98
1159 60 91 98
1447 60 28 34
1537 60 14 73
2407 126 72 85
2537 126 65 82
2993 60 77 92
2929 126 41 73
3191 126 5 90
3545 126 42 53
3713 126 32 89
3839 126 6 10
1439 102 24 97
1511 102 25 89
1583 102 26 81
1655 102 27 73
1727 102 28 65
1799 102 29 57
1817 102 55 98
1871 102 30 49
1889 102 47 89
1943 102 31 41
1961 102 39 80
2015 102 32 33
2033 102 31 71
2087 102 25 33
2105 102 23 62
2177 102 15 53
2231 102 9 35
2249 102 7 44
2303 102 1 36
1 3 4 5 17 19 39 42 70 74
2 3 16 20 68 76
4 3 14 22 64 80
5 3 2 7 13 23 33 48 62 82 100
7 3 1 8 11 25 30 51 58 86 95
8 3 10 26 56 88
10 3 8 28 52 92
11 3 7 10 24 29 50 57 85 94
13 3 5 11 21 31 46 60 80 98
14 3 4 32 44 100
16 3 2 34 40
17 3 1 13 15 35 38 66 70
19 3 12 14 34 37 65 69
20 3 32 38
22 3 28 40 96
23 3 6 16 26 41 55 75 93
25 3 3 17 22 43 50 78 87
26 3 20 44 84
28 3 16 46 78
29 3 14 19 40 47 75 84
31 3 10 20 35 49 69 87
32 3 8 50 66
34 3 4 52 60
35 3 2 22 25 53 57 93 98
37 3 20 23 51 55 91 96
38 3 48 56
40 3 42 58
41 3 10 25 39 59 77
43 3 5 26 33 61 70
44 3 30 62
46 3 24 64
47 3 21 28 56 65 100
49 3 15 29 49 67 92
50 3 12 68 88
52 3 6 70 80
53 3 3 31 35 71 76
55 3 28 32 68 73
56 3 64 74
58 3 56 76
59 3 14 34 52 77 99
61 3 7 35 44 79 90
62 3 40 80
64 3 32 82
65 3 28 37 72 83
67 3 20 38 63 85
68 3 16 86
70 3 8 88 100
71 3 4 40 45 89 95
73 3 36 41 85 91
74 3 80 92
76 3 70 94
77 3 18 43 65 95
79 3 9 44 55 97
80 3 50 98
82 3 40 100
83 3 35 46 88
85 3 25 47 77
89 3 5 49 55
91 3 44 50
95 3 22 52 78
97 3 11 53 66
101 3 42 55
103 3 30 56 91
107 3 6 58 65
109 3 52 59
113 3 26 61 91
115 3 13 62 77
119 3 49 64
121 3 35 65
125 3 7 67 75
127 3 60 68
131 3 30 70
133 3 15 71 88
137 3 56 73
139 3 40 74
143 3 8 76 85
145 3 68 77
149 3 34 79
151 3 17 80 99
155 3 63 82
157 3 45 83
161 3 9 85 95
163 3 76 86
167 3 38 88
169 3 19 89
173 3 70 91
175 3 50 92
179 3 10 94
181 3 84 95
185 3 42 97
187 3 21 98
191 3 77 100
11 21 46 65
25 21 38 75
29 21 50 60
43 21 34 80
47 21 54 55
61 21 30 85
65 21 50 58
79 21 26 90
83 21 45 62
97 21 22 95
101 21 40 66
109 21 23 91
115 21 18 100
127 21 25 84
137 21 30 74
145 21 27 77
155 21 25 78
163 21 29 70
167 21 12 100
173 21 20 82
181 21 31 63
185 21 13 92
191 21 15 86
199 21 33 56
209 21 10 90
221 21 15 76
227 21 5 94
235 21 37 42
239 21 16 68
253 21 35 39 94
257 21 17 60 92
271 21 28 41 85
275 21 18 52 83
289 21 21 43 76
293 21 19 44 74
307 21 14 45 67
311 21 20 36 65
319 21 61 95
325 21 7 47 58
337 21 52 85
347 21 20 22 47
355 21 43 75
361 21 40 51
365 21 12 23 38
373 21 34 65
377 21 32 99
379 21 31 53
383 21 4 24 29
391 21 25 55
395 21 23 88
397 21 22 55
401 21 20 25
409 21 16 45
415 21 13 57
419 21 11 26
431 21 5 66
433 21 4 59
437 21 2 27
676 21 86 96
685 21 87 88
694 21 80 88
703 21 72 89
712 21 64 90
730 21 48 92
739 21 40 93
743 21 44 85
748 21 32 94
757 21 24 95
761 21 45 68
766 21 16 96
775 21 8 97
779 21 46 51
793 21 89 99
797 21 34 47 85
802 21 80 100
815 21 17 48 67
841 21 41 95
851 21 31 50
859 21 23 76
869 21 13 51
877 21 5 57
1229 21 65 71
1247 21 39 72
1265 21 13 73 87
1283 21 60 74
1301 21 33 75
1319 21 6 76
1679 21 70 96
1697 21 35 97
1733 21 62 99
1751 21 26 100
85 14 87 100
93 14 90 95
101 14 90 93
109 14 85 96
117 14 80 99
239 14 36 91
247 14 37 84
255 14 38 77
263 14 39 70
271 14 40 63
279 14 41 56
295 14 42 43 97
303 14 35 44 89
311 14 28 45 81
319 14 21 46 73
327 14 14 47 65
335 14 7 48 57
351 14 41 50
353 14 39 99
359 14 33 51
361 14 31 90
367 14 25 52
369 14 23 81
375 14 17 53
377 14 15 72
383 14 9 54
391 14 1 55
687 14 90 92
695 14 75 93
703 14 60 94
711 14 45 95
719 14 30 96
727 14 15 97
743 14 82 99
751 14 66 100
1 15 22 35
7 15 1 92
11 15 2 84
13 15 7 63
17 15 26 30
19 15 18 40
23 15 3 77
29 15 3 76 98
31 15 9 56 97
37 15 14 45 94
41 15 1 84 92
47 15 4 68 89
49 15 11 49 88
53 15 20 34 86
59 15 83 91
67 15 13 42 79
71 15 15 38 77
73 15 6 55 76
77 15 74 98
79 15 73 95
83 15 6 52 71
89 15 10 42 68
91 15 2 60 67
97 15 64 85
101 15 7 44 62
103 15 17 28 61
107 15 5 46 59
109 15 58 65
113 15 56 99
119 15 8 36 53
121 15 19 21 52
127 15 49 70
131 15 47 88
133 15 46 65
137 15 9 28 44
139 15 14 21 43
143 15 41 54
149 15 38 77
151 15 37 55
157 15 7 23 34
161 15 32 58
163 15 31 80
167 15 29 66
169 15 28 45
173 15 11 12 26
179 15 23 62
181 15 22 85
187 15 19 35
191 15 4 12 17
193 15 16 27
197 15 14 66
199 15 13 90 91
203 15 11 44
209 15 8 13
211 15 7 29
217 15 4 78 95
221 15 2 33
223 15 1 15
224 15 72 98
233 15 74 91
242 15 76 84
251 15 77 78
269 15 63 82
278 15 56 84
287 15 49 86
292 15 38 96
296 15 42 88
301 15 39 88
314 15 28 92
319 15 41 72
323 15 21 94
328 15 42 64
332 15 14 96
337 15 43 56
341 15 7 98
346 15 44 48
353 15 21 68 97
364 15 32 46 86
371 15 22 51 79
373 15 24 47 77
382 15 16 48 68
389 15 23 34 61
391 15 8 49 59
403 15 47 76
407 15 17 24 43
409 15 41 51
418 15 32 52
419 15 31 90
421 15 29 57
427 15 23 53
428 15 22 80
436 15 14 54
437 15 13 70
439 15 11 38
443 15 7 26
446 15 4 60
553 15 67 100
571 15 69 75
587 15 34 91
589 15 50 71
607 15 25 73
623 15 36 39 78
637 15 57 98
641 15 13 37 51
643 15 48 77
659 15 24 38
661 15 21 79
671 15 6 87
673 15 3 42
814 15 68 96
823 15 51 97
832 15 34 98
839 15 48 70
841 15 17 99
857 15 35 49 86
889 15 22 74
893 15 14 51
1073 15 61 66
1091 15 22 62 85
1109 15 40 63
1123 15 5 69
1307 15 53 74
1343 15 21 76
1523 15 86 93
1541 15 31 87
1559 15 56 88
1573 15 7 96
1757 15 71 99
7 30 23 29
13 30 44 86
23 30 31 94
31 30 14 32 82
41 30 21 23 98
47 30 1 17 34
49 30 22 78
79 30 31 38
97 30 16 33
103 30 7 41 66
113 30 14 28
119 30 2 9 43
121 30 13 62
137 30 7 11 68
151 30 39 47
157 30 54 66
169 30 7 41
187 30 43 76
191 30 1 3 52
193 30 4 46
209 30 2 51
223 30 47 56
229 30 38 77
247 30 34 59
259 30 51 57
263 30 4 61
287 30 64 92
301 30 22 88
319 30 18 68
331 30 38 59
337 30 14 100
359 30 69 73
367 30 63 74
373 30 6 99
391 30 2 77
403 30 19 67
407 30 6 79
431 30 46 82
439 30 71 83
451 30 40 84
479 30 7 88
503 30 23 91
511 30 79 92
523 30 45 57
547 30 48 83
551 30 8 97
559 30 93 98
611 30 24 84
619 30 21 91
667 30 3 55
1 4 31 33
3 4 29 35
5 4 27 37
7 4 25 39
9 4 23 41
11 4 21 43
13 4 19 45
15 4 17 47 98
17 4 15 49 94
19 4 13 51 90
21 4 11 53 86
23 4 9 55 82
25 4 7 57 78
27 4 5 59 74
29 4 3 61 70
31 4 1 63 66
33 4 62 65
35 4 58 67
37 4 54 69
39 4 50 71
41 4 46 73
43 4 42 75
45 4 38 77
47 4 34 79
49 4 30 81
51 4 26 83
53 4 22 85
55 4 18 87
57 4 14 89
59 4 10 91
61 4 6 93
63 4 2 95 99
65 4 93 97
67 4 87 99
883 30 65 70
973 30 15 95
1487 30 21 77
1519 30 49 72
1559 30 14 22
1703 30 24 71 97
1753 30 47 73
1919 30 27 90
1937 30 70 99
1991 30 10 28
3359 30 30 47
3791 30 19 53
5159 30 46 72
5591 30 28 78
6959 30 62 97
3231 130 17 99
3431 130 18 75
3481 130 69 93
3631 130 19 51
3681 130 45 68
3831 130 20 27
3881 130 21 43
4031 130 3 21
33 70 17 68
41 70 18 66
159 70 27 50
167 70 9 85
233 70 25 51
241 70 9 82
351 70 2 99
359 70 34 36
433 70 33 34 99
457 70 28 96
551 70 3 75
559 70 18 45
601 70 69 78
633 70 17 41 74
657 70 35 71
751 70 4 51
759 70 2 54
801 70 45 53
857 70 42 46
951 70 5 27
993 70 29 92
1017 70 26 99
1033 70 24 57
1151 70 3 6
1193 70 4 60
1217 70 1 66
3253 70 51 99
3453 70 27 54
6053 70 45 93
5367 154 14 54
5465 154 42 58
5759 154 6 15
8551 70 21 43
10951 70 28 55
3359 138 54 97
3431 138 55 89
3503 138 56 81
3575 138 57 73
3647 138 58 65
3719 138 57 59
3791 138 49 60
3863 138 41 61
3935 138 33 62
4007 138 25 63
4079 138 17 64
4097 138 15 83
4151 138 9 65
4169 138 7 74
4223 138 1 66
18351 70 45 92
1 5 12 13 49 51
2 5 48 52
3 5 11 14 47 53
4 5 46 54
6 5 44 56
7 5 9 16 43 57
8 5 42 58
9 5 8 17 41 59 99
11 5 7 18 39 61 96
12 5 38 62
13 5 6 19 37 63 93
14 5 36 64
16 5 34 66
17 5 4 21 33 67 87
18 5 32 68
19 5 3 22 31 69 84
21 5 2 23 29 71 81
22 5 28 72
23 5 1 24 27 73 78
24 5 26 74
26 5 24 76
27 5 23 26 72 77
28 5 22 78
29 5 21 27 69 79
31 5 19 28 66 81
32 5 18 82
33 5 17 29 63 83
34 5 16 84
36 5 14 86
37 5 13 31 57 87
38 5 12 88
39 5 11 32 54 89
41 5 9 33 51 91
42 5 8 92
43 5 7 34 48 93
44 5 6 94
46 5 4 96
47 5 3 36 42 97
48 5 2 98
49 5 1 37 39 99
51 5 36 38 98
53 5 33 39 94
57 5 27 41 86
59 5 24 42 82
61 5 21 43 78
63 5 18 44 74
67 5 12 46 66
69 5 9 47 62
71 5 6 48 58
73 5 3 49 54
77 5 46 51
79 5 42 52
81 5 38 53
83 5 34 54
87 5 26 56 95
89 5 22 57 90
91 5 18 58 85
93 5 14 59 80
97 5 6 61 70
99 5 2 62 65
101 5 60 63
103 5 55 64
107 5 45 66
109 5 40 67
111 5 35 68
113 5 30 69
117 5 20 71 99
119 5 15 72 93
121 5 10 73 87
123 5 5 74 81
127 5 69 76
129 5 63 77
131 5 57 78
133 5 51 79
137 5 39 81
139 5 33 82
141 5 27 83
143 5 21 84
147 5 9 86 98
149 5 3 87 91
151 5 84 88
153 5 77 89
157 5 63 91
159 5 56 92
161 5 49 93
163 5 42 94
167 5 28 96
169 5 21 97
171 5 14 98
173 5 7 99
1127 39 72 100
1145 39 73 92
1163 39 74 84
1181 39 75 76
1199 39 68 76
1217 39 60 77
1253 39 44 79
1271 39 36 80
1289 39 28 81
1307 39 20 82
1325 39 12 83 98
1343 39 4 84 89
1361 39 80 85
1379 39 71 86
1397 39 62 87
1415 39 53 88
1433 39 44 89
1451 39 35 90
1487 39 17 92
1505 39 8 93
1519 39 1 95
1631 132 85 92
1919 132 69 94
2275 132 50 93
2851 132 39 60
3107 132 15 85
3139 132 12 65
7303 132 70 98
7367 132 26 56
7591 132 7 34
6111 170 32 99
6311 170 33 75
6561 170 45 83
6711 170 27 35
6761 170 21 58
6911 170 3 36
13439 117 40 84
13601 117 44 85
711 110 81 98
911 110 82 90
1057 110 81 85
1257 110 68 89
1457 110 51 97
2279 110 12 75
2329 110 69 87
2479 110 13 51
2529 110 45 62
2679 110 14 27
2729 110 21 37
2879 110 3 15
3763 156 75 80
4051 156 48 85
4339 156 21 90
2729 55 57 84
2779 55 58 60
2829 55 36 59 98
2879 55 12 60 73
2929 55 48 61
2971 55 27 91
2979 55 23 62
3021 55 2 65
10199 156 36 98
10487 156 35 37
10519 156 28 66
311 140 48 78
393 140 26 47
407 140 51 79
457 140 7 24 81
507 140 83 86
1111 140 39 73
1143 140 17 74
1193 140 1 15
2661 140 38 44
2811 140 26 81
5997 140 20 44
1 6 1 56 71 73 90
5 6 12 25 67 77
7 6 2 49 65 79 99
11 6 6 35 61 83
13 6 15 20 59 85
17 6 55 70 72 89
19 6 3 40 53 91
23 6 4 35 49 95
25 6 47 63 77 97
29 6 10 21 43
31 6 5 28 41
35 6 37 50 88
37 6 5 24 35
41 6 31 45 91
43 6 29 55 77
47 6 7 14 25
49 6 23 36 98
53 6 19 30
55 6 7 8 17
59 6 13 55 65
61 6 11 33 91
65 6 7 18
67 6 5 44 70
71 6 1 10
77 6 39 65
83 6 22 80
85 6 42 52
91 6 11 85
95 6 13 75 98
101 6 26 48 86
103 6 14 60 82
107 6 74 95
109 6 13 51 70
113 6 62 85
115 6 58 100
119 6 16 30 50
121 6 46 68
125 6 38 57
127 6 15 17 34
131 6 26 95
133 6 22 60
137 6 14 34
139 6 10 76
143 6 2 19
157 6 69 84
173 6 42 75
175 6 23 92
181 6 21 78
191 6 25 46 75
193 6 69 100
197 6 57 84
199 6 23 26 51
205 6 33 87
209 6 21 50
215 6 3 28
263 6 34 62 100
271 6 31 35 68
281 6 28 66
287 6 4 37
335 6 43 78
343 6 39 44 85
353 6 35 82
359 6 5 46
407 6 52 94
415 6 47 53
425 6 42 98
431 6 6 55
487 6 55 62
503 6 7 64
559 6 63 71
575 6 8 73
631 6 71 80
647 6 9 82
703 6 79 89
719 6 10 91
775 6 87 98
791 6 11 100
53 165 14 85
89 165 20 72
361 165 29 56
503 165 21 67
811 165 38 40
953 165 28 49
1261 165 24 47 98
1333 165 7 94
1369 165 66 92
1403 165 31 35
1603 165 23 79
1711 165 8 56 73
1783 165 9 69
1819 165 67 77
1853 165 13 42
2017 165 56 75
2053 165 5 54
2161 165 48 65
2269 165 42 88
2467 165 31 48
2611 165 23 74
2683 165 13 19
2719 165 17 99
2917 165 6 21
2989 165 2 85
5366 165 52 76
5591 165 51 54
5816 165 26 56
5834 165 24 84
6041 165 1 58
11579 165 26 88
11929 165 11 38
15071 165 15 49
1 7 24 25 97 99
2 7 96 100
3 7 23 26 95
5 7 22 27 93
9 7 20 29 89
11 7 19 30 87
13 7 18 31 85
15 7 17 32 83
17 7 16 33 81
19 7 15 34 79
23 7 13 36 75
25 7 12 37 73
27 7 11 38 71
29 7 10 39 69
31 7 9 40 67
33 7 8 41 65
37 7 6 43 61
39 7 5 44 59
41 7 4 45 57
43 7 3 46 55
45 7 2 47 53
47 7 1 48 51
51 7 47 50
53 7 45 51
55 7 43 52
57 7 41 53
59 7 39 54
61 7 37 55
65 7 33 57
67 7 31 58
69 7 29 59
71 7 27 60
73 7 25 61
75 7 23 62
79 7 19 64
81 7 17 65 99
83 7 15 66 96
85 7 13 67 93
87 7 11 68 90
89 7 9 69 87
93 7 5 71 81
95 7 3 72 78
97 7 1 73 75
99 7 72 74
101 7 69 75
103 7 66 76
107 7 60 78
109 7 57 79
111 7 54 80
113 7 51 81
115 7 48 82
117 7 45 83
121 7 39 85
123 7 36 86
125 7 33 87
127 7 30 88
129 7 27 89
131 7 24 90
135 7 18 92
137 7 15 93
139 7 12 94
141 7 9 95
143 7 6 96
145 7 3 97
149 7 94 99
151 7 90 100
233 180 7 56
617 180 44 79
1033 180 14 31
1417 180 19 47
3611 63 77 94
3709 63 47 79
3839 63 24 40 65
3905 63 32 83
3937 63 16 41
4709 180 38 77
10093 180 5 44
4127 150 66 97
4199 150 67 89
4271 150 68 81
4343 150 69 73
4487 150 57 71
4559 150 49 72
4631 150 41 73
4703 150 33 74
4847 150 17 76
4919 150 9 77
4937 150 7 86
4991 150 1 78
17969 180 49 72
5855 174 93 97
5927 174 89 94
5999 174 81 95
6071 174 73 96
6143 174 65 97
6215 174 57 98
6287 174 49 99
6359 174 41 100
7759 63 80 97
7921 63 17 99
7671 182 20 54
7769 182 42 64
8063 182 6 21
5221 168 52 55
5417 168 35 95
5975 168 33 75
12427 168 26 55
359 210 4 22
503 210 24 47
559 210 2 5
719 210 27 63
1153 210 1 95
2087 210 35 46
2159 210 13 47
2287 210 28 99
2519 210 7 52
2591 210 30 53
2953 210 23 97
3959 210 22 72
4391 210 46 78
5333 210 26 55
5759 210 31 97
5981 210 10 86
8359 210 21 44
8461 210 55 84
9341 210 51 90
9791 210 1 94
9959 210 52 75
10159 210 51 53
10457 210 42 71
10559 210 3 55
229 195 35 88
617 195 28 97
679 195 44 72
1067 195 35 79
1129 195 53 56
1517 195 42 61
1579 195 40 62
1967 195 43 49
2029 195 24 71
2417 195 25 56
2479 195 8 80 97
2767 195 11 81
2867 195 7 63
2929 195 72 89
3037 195 15 66
3163 195 59 84
3379 195 47 98
3487 195 17 41
3613 195 34 57
3937 195 16 19
4063 195 9 30
12791 234 20 90
12953 234 70 92
13439 234 10 21
7649 195 74 89
7874 195 64 76
8324 195 14 80
8351 195 11 93
10751 210 6 28
16481 195 37 55
16531 195 44 82
3977 273 86 91
4555 273 62 100
5437 273 60 71
5939 273 30 85
6319 273 20 80
6625 273 50 92
6821 273 34 40
7093 273 45 66
7201 273 60 89
7507 273 5 43
7705 273 32 87
7975 273 17 50
8083 273 11 98
15707 273 18 95
16535 273 3 22
16887 266 44 54
16985 266 42 88
17279 266 6 45
47 220 7 96
753 220 14 71
1553 220 21 46
2097 220 29 71
2353 220 21 28
2897 220 4 39
191 252 17 49
1759 252 17 34
1921 252 30 64
2881 252 34 94
14837 220 45 57
923 120 80 83
1129 120 63 94
1579 120 58 77
2029 120 22 91
2669 120 26 59
2831 120 41 75
3119 120 9 30
1217 260 21 94
2017 260 28 69
2817 260 35 44
3233 260 31 87
3617 260 19 42
4033 260 6 55
12647 120 11 68
8951 198 14 90
9113 198 70 86
9599 198 10 15
15847 120 71 85
7839 190 41 99
8039 190 42 75
8239 190 43 51
8289 190 45 92
8439 190 27 44
8489 190 21 67
8639 190 3 45
2149 255 88 95
2927 255 77 91
3377 255 73 84
3827 255 55 91
4277 255 37 98
5497 255 27 96
5947 255 29 71
6253 255 54 93
6397 255 31 46
6703 255 29 66
6847 255 21 33
7153 255 4 39
16871 270 75 88
17071 270 51 89
17471 270 3 91
17855 204 63 77
18143 204 14 64
13431 238 35 54
13529 238 42 79
13823 238 6 36
603 280 53 72
4097 280 87 94
5997 280 5 11
15281 264 23 98
89 330 5 18
289 330 4 38
361 330 14 37
1439 330 30 62
1511 330 13 63
1711 330 2 14
2087 330 71 94
3239 330 46 87
3887 330 47 96
11869 280 54 76
12757 330 61 91
13757 330 26 95
17991 280 45 99
131 315 22 82
719 315 12 28 65
881 315 13 97
1012 315 62 96
2369 315 1 32
3037 315 46 93
3119 315 17 19
3169 315 16 53
3463 315 56 73
3919 315 1 66
11767 345 57 81
12217 345 56 59
12667 345 31 61
12883 345 19 84
5963 315 5 79
13117 345 6 63
6238 315 68 76
7463 315 19 26
11807 315 6 21
15601 315 22 26
489 308 17 89
1079 308 34 57
2647 308 25 51
2889 308 45 95
3529 308 7 75
4457 308 46 60
5833 308 3 78
7603 285 37 79
8053 285 39 54
8197 285 46 93
8503 285 29 41
8647 285 21 66
8953 285 4 43
11871 230 62 99
12071 230 63 75
12271 230 51 64
12471 230 27 65
12521 230 21 88
12671 230 3 66
425 231 77 87
1105 231 67 93
1307 231 60 99
1955 231 52 98
1987 231 62 85
2635 231 38 100
2837 231 62 65
3485 231 18 100
3517 231 47 60
3719 231 26 78
4399 231 20 56 85
4687 231 30 69
4759 231 35 65
5249 231 10 26
5281 231 36 65
5407 231 29 69
5569 231 20 35
5695 231 13 87
10057 231 85 100
11345 231 13 57
11489 231 41 55
771 385 23 36
1679 385 12 48 85
2179 385 75 79
2329 385 1 72
2829 385 2 62
2979 385 59 65
4129 385 36 73
4629 385 26 29
4779 385 2 23
5429 385 10 91
6383 385 73 96
7017 385 63 92
9558 385 8 92
10783 385 9 43
11708 385 6 16
4377 340 56 89
5177 340 63 64
5977 340 39 70
6777 340 14 77
6873 340 11 95
16787 385 21 60
6273 380 77 86
7073 380 61 84
7873 380 36 91
8673 380 11 98
1831 364 51 73
3399 364 41 68
4967 364 9 85
5305 364 75 93
6873 364 44 90
11633 357 58 70
12515 357 25 62
12613 357 20 86
12667 357 80 83
121 390 7 57
671 390 30 68
679 390 11 18
1121 390 2 34
1129 390 14 43
1679 390 16 82
2471 390 46 93
2479 390 2 20
19243 435 93 99
19693 435 74 95
19573 390 13 93
2447 420 68 97
4247 420 19 36
4831 420 91 99
5407 420 31 77
12587 420 61 74
13187 420 11 37
97 462 36 81
479 462 4 89
745 462 23 72
871 462 5 45
1753 462 35 58
3625 462 32 68
4057 462 26 95
4273 462 23 46
4399 462 5 14
745 396 57 98
3337 396 49 89
5719 396 50 51
7177 396 14 82
601 510 10 92
1001 510 8 50
1249 510 30 83
2401 510 1 67
2599 510 18 26
3049 510 14 58
4399 510 2 35
381 455 36 47
2069 455 22 60
2831 455 12 72
3931 455 3 87
14613 440 20 35
299 495 31 71
701 495 23 84
4349 495 21 62
4751 495 28 48
5801 495 38 80
8801 495 20 73
9751 495 1 58
18677 495 37 65
4181 455 82 91
4481 455 76 81
4731 455 2 71
5281 455 60 97
6931 455 27 31
7181 455 3 22
14362 455 12 88
15087 455 59 74
16312 455 10 24
7495 468 68 82
10087 468 18 85
737 546 2 85
2089 546 68 86
2791 546 11 45
3169 546 46 71
3673 546 35 64
5617 546 37 100
6319 546 5 20
6697 546 22 69
151 570 17 50
2861 585 62 69
3389 585 47 84
1649 570 8 66
1951 570 26 34
2401 570 30 92
3049 570 1 83
3751 570 18 35
4201 570 14 67
5551 570 2 44
6911 585 19 93
7439 585 28 72
8939 585 57 95
11489 585 44 97
12989 585 14 76
811 595 60 82
1639 595 57 84
9511 595 4 93
11461 595 54 61
11961 595 5 44
13911 595 5 11
127 504 32 79
9731 504 13 51
18177 572 35 71
18849 572 50 92
18693 520 18 95
3287 616 72 79
14459 616 21 78
89 665 84 93
13689 665 80 89
14339 665 6 67
16139 665 31 39
16789 665 7 18
14873 399 70 74
15755 399 25 78
17839 429 56 80
18757 429 45 94
19531 429 13 51
19963 429 27 77
11663 660 51 68
761 690 20 82
1039 690 29 66
2561 690 11 98
2839 690 38 50
4639 690 34 47
6439 690 18 56
6889 690 14 88
8239 690 2 65
719 630 3 7
7465 714 92 93
7591 714 26 45
8473 714 35 79
11119 714 5 35
13199 715 48 72
14601 715 38 63
19249 715 24 97
5507 630 53 96
6631 630 21 53
13031 630 22 85
14831 630 43 94
97 693 16 36
3823 693 13 61
4163 693 95 96
5783 693 41 75
5881 693 17 40
7841 693 20 85
1679 770 3 12
2071 770 13 40
5671 770 21 58
11871 770 38 89
15731 693 79 85
431 858 49 97
3041 858 45 99
9143 858 25 98
11753 858 18 85
13537 858 46 96
17839 858 14 20
18649 858 25 94
4681 792 40 47
1439 819 16 60
5065 819 17 88
6499 819 11 48
13003 819 7 34
6943 798 26 85
10471 798 35 45
11353 798 35 88
2431 870 50 98
4231 870 59 82
6031 870 66 68
7831 870 50 77
9631 870 34 86
11431 870 18 95
13999 798 5 44
4351 930 65 98
6151 930 74 82
7951 930 66 83
9751 930 50 92
1307 910 87 99
1481 910 7 34
2831 910 3 18
4519 910 21 64
8319 910 32 83
2743 924 15 72
3625 924 8 17
5879 924 41 90
6239 1001 36 60
7971 1001 23 71
13295 1001 27 73
13393 1001 39 72
2425 936 47 88
12793 936 7 94
4751 990 7 12
5399 990 13 76
7399 990 49 86
13663 966 47 85
17191 966 45 56
17503 1050 59 85
1097 840 23 34
5119 840 21 66
15763 840 43 95
4967 1092 1 46
7417 1092 3 36
1633 1155 6 95
2329 1155 8 19
4658 1155 32 76
6367 1155 26 81
7621 1155 31 88
8441 1155 13 95
9833 1155 9 30
10271 1155 36 88
16741 1155 57 62
18541 1155 29 46
311 1170 7 70
4711 1170 49 92
7439 1170 7 18
11105 1144 73 87
14305 1144 7 48
2659 1071 48 71
10597 1071 22 80
8293 1197 58 80
18901 1071 46 51
1639 1190 21 79
4089 1190 8 27
5711 1190 3 33
3107 1260 33 44
89 1330 21 88
2361 1330 17 27
5889 1330 8 59
7439 1330 3 42
3041 1287 20 44
4735 1287 37 97
12673 1287 41 48
17069 1309 46 93
97 1386 4 9
19991 1386 40 76
2113 1365 3 83
2788 1365 64 86
4481 1365 9 55
6931 1365 3 44
13187 1365 15 45
6199 1320 45 91
18719 1365 60 88
12113 1320 15 34
1777 1428 25 43
6161 1428 7 99
12433 1428 6 63
10849 1430 48 79
13199 1430 12 18
2041 1530 8 63
14159 1530 7 33
1671 1610 27 38
8129 1610 13 51
8521 1610 12 87
11471 1610 3 63
3001 1596 33 51
11111 1596 1 100
17113 1596 2 65
1439 1638 4 15
13751 1638 34 70
17843 1683 23 60
12407 1560 41 97
14207 1560 16 33
3455 1716 75 83
4319 1716 1 86
10369 1716 35 68
5189 1785 21 43
11461 1785 6 77
1991 1710 17 63
18191 1710 7 42
1643 1820 76 87
14963 1881 59 60
3329 1890 38 51
13129 1890 13 75
16271 1890 3 88
7885 1848 13 53
12503 1848 16 46
1153 1932 41 86
15265 1932 37 73
5261 1995 29 51
6239 2002 9 15
16789 1995 2 79
13399 1980 21 29
641 2030 51 52
9159 2030 27 77
10441 2030 27 75
16967 2040 21 89
12193 2100 64 73
1351 2145 9 95
4699 2145 35 76
6101 2145 3 59
9649 2145 24 52
13723 2145 13 80
11399 2070 38 63
2239 2170 51 67
7561 2170 42 75
12039 2170 27 92
17361 2170 17 99
1849 2142 19 55
5279 2142 4 30
5315 2184 37 52
17977 2244 25 59
4489 2310 58 75
5311 2310 51 83
10271 2310 9 22
7583 2394 4 39
11209 2394 10 46
15865 2436 88 97
9271 2415 37 81
12779 2415 31 86
6577 2431 24 84
3041 2574 5 11
4231 2618 19 100
14879 2618 9 30
2231 2590 75 93
7569 2590 68 99
18719 2730 15 22
19991 2772 10 19
2831 2805 52 84
8419 2805 21 59
12959 2898 4 60
18793 2898 11 36
10091 2856 61 91
8009 2926 10 91
10028 3003 6 70
17477 3003 20 43
18407 3003 8 51
1609 3045 88 99
8187 3080 9 44
13777 3150 26 94
15721 3150 23 36
16031 3150 4 72
13531 3135 29 67
19831 3135 39 53
1759 3366 5 26
18371 3465 6 94
7327 3432 15 66
15273 3542 11 81
17809 3705 28 96
8809 3654 36 50
8843 3640 15 66
4639 3762 5 35
15287 3762 46 91
519 3740 2 27
8361 3850 23 81
4969 3906 36 65
11743 3978 11 26
7627 3927 3 31
11971 3927 37 40
1281 4180 2 53
10719 4180 45 68
5521 4199 60 96
9649 4290 6 13
15511 4389 1 28
7191 4466 50 81
18079 4446 11 35
11359 4554 5 56
18649 4554 25 70
8759 4641 3 86
7619 4620 29 88
16231 4788 7 29
8839 4680 14 34
15831 4774 65 81
6577 4862 6 21
15199 4950 5 68
1609 5060 3 78
17999 5005 1 10
731 5187 70 94
8443 5313 20 63
12853 5313 6 58
3121 5434 6 30
2831 5610 13 21
12959 5796 1 15
6401 5775 17 93
719 6006 6 40
10319 6270 13 30
16031 6300 1 18
18841 6279 6 80
15037 6440 43 87
4943 6578 6 51
2759 6840 10 94
7885 7161 18 52
9551 7150 6 63
871 7308 7 44
10105 7308 12 37
17809 7410 7 24
14543 7722 6 76
15401 8190 62 99
19919 8294 6 90
5521 8398 15 24
2729 8658 80 99
15959 8855 6 58
8401 8970 7 45
17401 8970 40 81
4079 9282 15 34
8087 9324 9 29
15241 9324 20 61
287 9405 43 78
14639 10166 15 45
9071 11310 7 84
15479 11310 3 50
3215 11844 17 43
10931 11935 21 43
15791 12090 7 99
9281 13110 17 38
9049 13455 4 45
4191 14105 35 68
9889 14430 2 98
11201 14790 8 77
8271 15080 47 98
19847 15372 25 78
3521 15810 8 92
15479 16555 39 85
19841 18135 45 95
4751 18942 10 59
15335 18942 23 62
2881 19550 30 42
