1 1 1 3 6 10 15 21 28 36 45 55 66 78 91
1 9 40 41
2 1 4 12 24 40 60 84
3 1 2 5 9 14 20 27 35 44 54 65 77 90
5 9 38 43
4 1 6 16 30 48 70 96
7 9 37 44
5 1 3 7 12 18 25 33 42 52 63 75 88
6 1 8 20 36 56 80
11 9 35 46
7 1 4 9 15 22 30 39 49 60 72 85 99
8 1 10 24 42 64 90
13 9 34 47
9 1 5 11 18 26 35 45 56 68 81 95
17 9 32 49
10 1 12 28 48 72 100
19 9 31 50
11 1 6 13 21 30 40 51 63 76 90
12 1 14 32 54 80
23 9 29 52
13 1 7 15 24 34 45 57 70 84 99
14 1 16 36 60 88
25 9 28 53
15 1 8 17 27 38 50 63 77 92
16 1 18 40 66 96
29 9 26 55
17 1 9 19 30 42 55 69 84 100
31 9 25 56
18 1 20 44 72
19 1 10 21 33 46 60 75 91
35 9 23 58
20 1 22 48 78
37 9 22 59
21 1 11 23 36 50 65 81 98
22 1 24 52 84
41 9 20 61
23 1 12 25 39 54 70 87
24 1 26 56 90
43 9 19 62
25 1 13 27 42 58 75 93
26 1 28 60 96
47 9 17 64
27 1 14 29 45 62 80 99
28 1 30 64
49 9 16 65
29 1 15 31 48 66 85
30 1 32 68
53 9 14 67
31 1 16 33 51 70 90
55 9 13 68
32 1 34 72
33 1 17 35 54 74 95
34 1 36 76
59 9 11 70
35 1 18 37 57 78 100
61 9 10 71
36 1 38 80
37 1 19 39 60 82
38 1 40 84
65 9 8 73 97
39 1 20 41 63 86
67 9 7 74 95
40 1 42 88
41 1 21 43 66 90
42 1 44 92
71 9 5 76 91
43 1 22 45 69 94
73 9 4 77 89
44 1 46 96
45 1 23 47 72 98
46 1 48 100
77 9 2 79 85
47 1 24 49 75
79 9 1 80 83
49 1 25 51 78
83 9 79 82
51 1 26 53 81
85 9 77 83
53 1 27 55 84
55 1 28 57 87
89 9 73 85
57 1 29 59 90
91 9 71 86
59 1 30 61 93
95 9 67 88
61 1 31 63 96
97 9 65 89
63 1 32 65 99
101 9 61 91
65 1 33 67
103 9 59 92
67 1 34 69
69 1 35 71
107 9 55 94
71 1 36 73
109 9 53 95
73 1 37 75
113 9 49 97
75 1 38 77
115 9 47 98
77 1 39 79
79 1 40 81
119 9 43 100
81 1 41 83
83 1 42 85
85 1 43 87
87 1 44 89
89 1 45 91
91 1 46 93
93 1 47 95
95 1 48 97
97 1 49 99
595 33 93 98
613 33 91 95
631 33 84 97
743 33 48 100
761 33 49 92
779 33 50 84
797 33 51 76
815 33 52 68
833 33 53 60
851 33 52 54
887 33 36 56
905 33 28 57 92
923 33 20 58 83
941 33 12 59 74
959 33 4 60 65
977 33 56 61
995 33 47 62
1013 33 38 63
1031 33 29 64
1039 33 25 95
1049 33 20 65
1057 33 16 85
1075 33 7 75
1085 33 2 67
3 10 27 80
11 10 24 85
13 10 33 70
19 10 21 90
21 10 36 65
27 10 18 95
29 10 39 60
37 10 42 55
53 10 45 48
61 10 40 51
63 10 11 98
69 10 35 54
71 10 12 91
77 10 30 57
79 10 13 84
87 10 14 77
93 10 20 63
101 10 15 66 99
103 10 16 63 97
109 10 10 69 91
111 10 17 56 89
117 10 5 72 83
119 10 18 49 81
127 10 19 42 73
133 10 67 78
137 10 63 99
141 10 59 81
143 10 21 28 57
149 10 51 84
151 10 21 22 49
153 10 47 81
157 10 43 87
159 10 14 23 41
161 10 39 72
167 10 7 24 33
169 10 31 63
173 10 27 93
177 10 23 54
181 10 19 96
183 10 17 26
189 10 11 99
191 10 9 27
193 10 7 36
199 10 1 28
327 10 44 90
343 10 46 60
351 10 45 47 98
359 10 30 48 82
367 10 15 49 66
383 10 34 51
391 10 18 52
393 10 14 68
399 10 2 53
543 10 71 92
551 10 69 72
559 10 46 73
567 10 23 74 99
583 10 51 76
591 10 27 77
593 10 21 100
599 10 3 78
1 2 7 9 30 34 69 75
3 2 5 11 26 38 63 81
5 2 3 13 22 42 57 87
7 2 1 15 18 46 51 93 100
9 2 14 17 45 50 92 99
11 2 10 19 39 54 84
13 2 6 21 33 58 76
15 2 2 23 27 62 68
17 2 21 25 60 66
19 2 15 27 52 70
21 2 9 29 44 74 95
23 2 3 31 36 78 85
25 2 28 33 75 82
27 2 20 35 65 86
29 2 12 37 55 90
31 2 4 39 45 94
33 2 35 41 90 98
35 2 25 43 78
37 2 15 45 66
39 2 5 47 54
41 2 42 49
43 2 30 51 91
751 10 93 97
45 2 18 53 77
47 2 6 55 63
49 2 49 57
759 10 62 98
51 2 35 59
53 2 21 61 88
55 2 7 63 72
767 10 31 99
57 2 56 65
59 2 40 67
61 2 24 69 99
63 2 8 71 81
65 2 63 73
67 2 45 75
69 2 27 77
71 2 9 79 90
73 2 70 81
75 2 50 83
77 2 30 85
79 2 10 87 99
81 2 77 89
83 2 55 91
85 2 33 93
87 2 11 95
89 2 84 97
91 2 60 99
17 42 35 53
23 42 1 41 58
31 42 47 59
41 42 39 50
55 42 28 62
89 42 42 44
95 42 2 33 67
103 42 55 68
113 42 31 41
121 42 40 57
127 42 21 71
167 42 3 25 76
185 42 23 32
193 42 31 65
199 42 14 80
233 42 26 56
239 42 4 17 85
247 42 71 86
257 42 15 23
265 42 22 73
271 42 7 89
305 42 17 63
311 42 5 9 94
319 42 79 95
337 42 13 81
361 42 10 94
377 42 8 70
383 42 1 6
409 42 4 89
433 42 1 78
455 18 67 98
463 18 68 91
479 18 70 77
487 18 70 71
503 18 56 73
511 18 49 74
527 18 35 76
535 18 28 77
551 18 14 79 97
559 18 7 80 89
575 18 73 82
583 18 65 83
599 18 49 85
607 18 41 86
623 18 25 88
631 18 17 89
641 18 7 99
647 18 1 91
1123 42 75 95
1195 42 48 100
1 11 60 61
3 11 59 62
5 11 58 63
7 11 57 64
9 11 56 65
13 11 54 67
15 11 53 68
17 11 52 69
19 11 51 70
21 11 50 71
23 11 49 72
25 11 48 73
27 11 47 74
29 11 46 75
31 11 45 76
35 11 43 78
37 11 42 79
39 11 41 80
41 11 40 81
43 11 39 82
45 11 38 83
47 11 37 84
49 11 36 85
51 11 35 86
53 11 34 87
57 11 32 89
59 11 31 90
61 11 30 91
63 11 29 92
65 11 28 93
67 11 27 94
69 11 26 95
71 11 25 96
73 11 24 97
75 11 23 98
95 66 3 97
79 11 21 100
167 66 4 89
239 66 5 81
311 66 6 73
329 66 71 95
383 66 7 65
401 66 63 86
455 66 8 57
527 66 9 49
545 66 47 68
599 66 10 41
617 66 39 59
689 66 31 50
743 66 12 25
761 66 23 41
815 66 13 17
833 66 15 32
887 66 9 14
1 3 4 5 17 19 39 42 70 74
2 3 16 20 68 76
4 3 14 22 64 80
5 3 2 7 13 23 33 48 62 82 100
905 66 7 23
7 3 1 8 11 25 30 51 58 86 95
8 3 10 26 56 88
10 3 8 28 52 92
11 3 7 10 24 29 50 57 85 94
959 66 1 15
829 35 82 84
853 35 60 99
879 35 63 86
927 35 41 92
929 35 42 90
953 35 55 66
977 35 43 69
979 35 21 94
1003 35 33 69
1027 35 45 46 99
1051 35 22 60 87
1053 35 11 72 86
1077 35 23 47 74
1101 35 23 36 62
1103 35 61 75
1149 35 38 65
1151 35 12 24 37
1153 35 36 78
1173 35 26 81
1177 35 24 51
1199 35 13 39
1201 35 12 25
1203 35 11 81
1223 35 1 54
2252 35 94 96
2277 35 72 95
2301 35 47 98
2302 35 48 96
2327 35 24 97
2351 35 48 49 99
2377 35 73 99
2402 35 48 100
2449 35 1 51
1 60 7 46 89
37 60 13 93
89 60 79 93
161 60 2 71
163 60 5 48
251 60 26 61
287 60 16 23 57
323 60 33 53
349 60 74 96
449 60 39 82
451 60 10 21
539 60 29 39
611 60 6 21
677 60 70 76
737 60 7 41
773 60 3 55
1087 60 41 55
1127 60 4 98
1159 60 91 98
1447 60 28 34
1537 60 14 73
7 12 60 85
11 12 52 95
25 12 68 75
43 12 65 76
61 12 55 84
79 12 45 92
97 12 35 100
107 12 38 91
125 12 42 77
143 12 46 63
157 12 21 88
161 12 49 50
175 12 23 72
179 12 35 54
193 12 25 56 95
197 12 21 58 91
211 12 27 40 77
215 12 7 62 73
229 12 24 29 59
233 12 55 66
239 12 49 90
247 12 8 31 41
251 12 37 70
257 12 31 70
265 12 23 33
269 12 19 74
271 12 17 99
275 12 13 50
283 12 5 35
287 12 1 78
499 12 59 85
517 12 51 61
535 12 17 63 82
553 12 46 65
563 12 26 95
571 12 10 67
71 90 36 98
271 90 45 82
805 12 78 93
823 12 26 95
377 90 41 85
841 12 69 97
859 12 15 99
2993 60 77 92
577 90 49 68
671 90 50 63
871 90 34 72
977 90 34 65
1177 90 17 73
1271 90 2 90
1319 90 7 75
1369 90 69 82
1433 90 70 74
1519 90 8 51
1577 90 56 89
1633 90 49 77
1769 90 21 32
1777 90 31 97
1919 90 3 10
2017 90 1 92
629 20 66 87
2447 36 62 79
661 20 58 69
679 20 22 93
2479 36 31 80
693 20 29 72
711 20 23 62 89
729 20 71 99
2543 36 49 82
743 20 24 31 57
757 20 43 78
761 20 39 66
2575 36 17 83
789 20 11 81
793 20 7 33
1 13 84 85
3 13 83 86
5 13 82 87
7 13 81 88
9 13 80 89
11 13 79 90
15 13 77 92
17 13 76 93
19 13 75 94
21 13 74 95
23 13 73 96
25 13 72 97
27 13 71 98
29 13 70 99
31 13 69 100
1543 20 49 63
1593 20 14 65
2343 20 74 95
71 105 72 87
73 105 64 75
89 105 11 73
107 105 7 31 74
109 105 11 24 62
127 105 1 61 87
143 105 41 76
218 105 44 96
223 105 66 69
227 105 46 93
307 105 23 51
323 105 60 86
341 105 2 40 87
359 105 16 88
361 105 22 48
443 105 53 80
521 105 58 97
523 105 39 48
541 105 38 85
557 105 13 14 99
559 105 8 20 37
577 105 3 36
664 105 42 88
668 105 62 64
673 105 39 92
739 105 27 82
757 105 5 26
793 105 24 67
811 105 23 33
893 105 48 71
991 105 13 51
1009 105 12 29
1027 105 5 11
1109 105 31 82
1114 105 52 56
1118 105 32 80
1663 45 73 92
1189 105 2 46
1207 105 1 86
1763 45 46 77
1769 45 37 84
1813 45 23 79
1819 45 38 60
1339 105 34 63
1343 105 16 89
1913 45 56 83
1919 45 12 40 53
1931 45 47 91
1963 45 31 85
1969 45 28 41
1981 45 22 65
1559 105 40 41 99
1564 105 16 70
1604 105 16 94
1613 105 65 93
1739 105 2 79
1829 105 18 69
2054 105 20 44
2063 105 43 78
2171 105 31 57
2279 105 19 22
2396 105 6 30
2441 105 1 59
85 14 87 100
93 14 90 95
101 14 90 93
109 14 85 96
117 14 80 99
239 14 36 91
247 14 37 84
255 14 38 77
263 14 39 70
271 14 40 63
279 14 41 56
295 14 42 43 97
303 14 35 44 89
311 14 28 45 81
319 14 21 46 73
327 14 14 47 65
335 14 7 48 57
351 14 41 50
353 14 39 99
359 14 33 51
361 14 31 90
367 14 25 52
369 14 23 81
375 14 17 53
377 14 15 72
383 14 9 54
391 14 1 55
687 14 90 92
695 14 75 93
703 14 60 94
711 14 45 95
719 14 30 96
727 14 15 97
743 14 82 99
751 14 66 100
1 15 22 35
7 15 1 92
11 15 2 84
13 15 7 63
17 15 26 30
19 15 18 40
23 15 3 77
29 15 3 76 98
31 15 9 56 97
37 15 14 45 94
41 15 1 84 92
47 15 4 68 89
49 15 11 49 88
53 15 20 34 86
59 15 83 91
67 15 13 42 79
71 15 15 38 77
73 15 6 55 76
77 15 74 98
79 15 73 95
83 15 6 52 71
89 15 10 42 68
91 15 2 60 67
97 15 64 85
101 15 7 44 62
103 15 17 28 61
107 15 5 46 59
109 15 58 65
113 15 56 99
119 15 8 36 53
121 15 19 21 52
127 15 49 70
131 15 47 88
133 15 46 65
137 15 9 28 44
139 15 14 21 43
143 15 41 54
149 15 38 77
151 15 37 55
157 15 7 23 34
161 15 32 58
163 15 31 80
167 15 29 66
169 15 28 45
173 15 11 12 26
179 15 23 62
181 15 22 85
187 15 19 35
191 15 4 12 17
193 15 16 27
197 15 14 66
199 15 13 90 91
203 15 11 44
209 15 8 13
211 15 7 29
217 15 4 78 95
221 15 2 33
223 15 1 15
224 15 72 98
233 15 74 91
242 15 76 84
251 15 77 78
269 15 63 82
278 15 56 84
287 15 49 86
292 15 38 96
296 15 42 88
301 15 39 88
314 15 28 92
319 15 41 72
323 15 21 94
328 15 42 64
332 15 14 96
337 15 43 56
341 15 7 98
346 15 44 48
353 15 21 68 97
364 15 32 46 86
371 15 22 51 79
373 15 24 47 77
382 15 16 48 68
389 15 23 34 61
391 15 8 49 59
403 15 47 76
407 15 17 24 43
409 15 41 51
418 15 32 52
419 15 31 90
421 15 29 57
427 15 23 53
428 15 22 80
436 15 14 54
437 15 13 70
439 15 11 38
443 15 7 26
446 15 4 60
553 15 67 100
571 15 69 75
587 15 34 91
589 15 50 71
607 15 25 73
623 15 36 39 78
637 15 57 98
641 15 13 37 51
643 15 48 77
659 15 24 38
661 15 21 79
671 15 6 87
673 15 3 42
814 15 68 96
823 15 51 97
832 15 34 98
839 15 48 70
841 15 17 99
857 15 35 49 86
889 15 22 74
893 15 14 51
1073 15 61 66
1091 15 22 62 85
1109 15 40 63
1123 15 5 69
1307 15 53 74
1343 15 21 76
1523 15 86 93
1541 15 31 87
1559 15 56 88
1573 15 7 96
1757 15 71 99
1127 39 72 100
1145 39 73 92
1163 39 74 84
1181 39 75 76
1199 39 68 76
1217 39 60 77
1253 39 44 79
1271 39 36 80
1289 39 28 81
1307 39 20 82
1325 39 12 83 98
1343 39 4 84 89
1361 39 80 85
1379 39 71 86
1397 39 62 87
1415 39 53 88
1433 39 44 89
1451 39 35 90
1487 39 17 92
1505 39 8 93
1519 39 1 95
1423 28 46 93
1455 28 47 62
1487 28 31 48 81
1521 28 47 99
1551 28 17 50
1553 28 15 66
2015 114 33 97
2087 114 34 89
2159 114 35 81
2231 114 36 73
2303 114 37 65
2447 114 39 49
2465 114 47 98
2519 114 40 41
2537 114 39 89
2591 114 33 41
2609 114 31 80
2663 114 25 42
2681 114 23 71
2735 114 17 43
2753 114 15 62
2807 114 9 44
2825 114 7 53
2879 114 1 45
7 30 23 29
13 30 44 86
23 30 31 94
31 30 14 32 82
41 30 21 23 98
47 30 1 17 34
49 30 22 78
79 30 31 38
97 30 16 33
103 30 7 41 66
113 30 14 28
119 30 2 9 43
121 30 13 62
137 30 7 11 68
151 30 39 47
157 30 54 66
169 30 7 41
187 30 43 76
191 30 1 3 52
193 30 4 46
209 30 2 51
223 30 47 56
229 30 38 77
247 30 34 59
259 30 51 57
263 30 4 61
287 30 64 92
301 30 22 88
319 30 18 68
331 30 38 59
337 30 14 100
359 30 69 73
367 30 63 74
373 30 6 99
391 30 2 77
403 30 19 67
407 30 6 79
431 30 46 82
439 30 71 83
451 30 40 84
479 30 7 88
503 30 23 91
511 30 79 92
523 30 45 57
547 30 48 83
551 30 8 97
559 30 93 98
611 30 24 84
619 30 21 91
667 30 3 55
883 30 65 70
973 30 15 95
1487 30 21 77
1519 30 49 72
1559 30 14 22
1703 30 24 71 97
1753 30 47 73
1919 30 27 90
1937 30 70 99
1991 30 10 28
311 140 48 78
393 140 26 47
407 140 51 79
457 140 7 24 81
507 140 83 86
1631 132 85 92
25 84 13 92
1111 140 39 73
1143 140 17 74
1193 140 1 15
263 84 22 69
1919 132 69 94
331 84 10 93
551 84 31 46
619 84 15 66
2275 132 50 93
803 84 65 85
839 84 23 40 81
907 84 20 39
1091 84 53 78
1163 84 15 45
1195 84 12 25
2851 132 39 60
1415 84 17 58
1433 84 15 82
2661 140 38 44
2811 140 26 81
2407 84 55 89
2767 84 70 82
2831 84 10 56
1439 102 24 97
1511 102 25 89
1583 102 26 81
1655 102 27 73
1727 102 28 65
1799 102 29 57
1817 102 55 98
1871 102 30 49
1889 102 47 89
1943 102 31 41
1961 102 39 80
2015 102 32 33
2033 102 31 71
2087 102 25 33
2105 102 23 62
2177 102 15 53
2231 102 9 35
2249 102 7 44
2303 102 1 36
33 70 17 68
41 70 18 66
159 70 27 50
167 70 9 85
233 70 25 51
241 70 9 82
351 70 2 99
359 70 34 36
433 70 33 34 99
457 70 28 96
551 70 3 75
559 70 18 45
601 70 69 78
633 70 17 41 74
657 70 35 71
751 70 4 51
759 70 2 54
801 70 45 53
857 70 42 46
951 70 5 27
993 70 29 92
1017 70 26 99
1033 70 24 57
1151 70 3 6
1193 70 4 60
1217 70 1 66
479 78 9 97
551 78 10 89
623 78 11 81
695 78 12 73
785 78 63 92
839 78 14 57
857 78 55 83
911 78 15 49
929 78 47 74
983 78 16 41
2407 126 72 85
1055 78 17 33
1073 78 31 56
1127 78 18 25
2537 126 65 82
1145 78 23 47
1199 78 17 19
1217 78 15 38
1271 78 9 20
1289 78 7 29
1343 78 1 21
2929 126 41 73
923 120 80 83
1129 120 63 94
1579 120 58 77
2029 120 22 91
2669 120 26 59
2831 120 41 75
13 3 5 11 21 31 46 60 80 98
14 3 4 32 44 100
16 3 2 34 40
17 3 1 13 15 35 38 66 70
19 3 12 14 34 37 65 69
20 3 32 38
22 3 28 40 96
23 3 6 16 26 41 55 75 93
25 3 3 17 22 43 50 78 87
26 3 20 44 84
28 3 16 46 78
29 3 14 19 40 47 75 84
31 3 10 20 35 49 69 87
32 3 8 50 66
34 3 4 52 60
35 3 2 22 25 53 57 93 98
37 3 20 23 51 55 91 96
38 3 48 56
40 3 42 58
41 3 10 25 39 59 77
43 3 5 26 33 61 70
44 3 30 62
46 3 24 64
47 3 21 28 56 65 100
49 3 15 29 49 67 92
50 3 12 68 88
52 3 6 70 80
53 3 3 31 35 71 76
55 3 28 32 68 73
56 3 64 74
58 3 56 76
59 3 14 34 52 77 99
61 3 7 35 44 79 90
62 3 40 80
64 3 32 82
65 3 28 37 72 83
67 3 20 38 63 85
68 3 16 86
70 3 8 88 100
71 3 4 40 45 89 95
73 3 36 41 85 91
74 3 80 92
76 3 70 94
77 3 18 43 65 95
79 3 9 44 55 97
80 3 50 98
82 3 40 100
83 3 35 46 88
85 3 25 47 77
89 3 5 49 55
91 3 44 50
95 3 22 52 78
97 3 11 53 66
101 3 42 55
103 3 30 56 91
107 3 6 58 65
109 3 52 59
113 3 26 61 91
115 3 13 62 77
119 3 49 64
121 3 35 65
125 3 7 67 75
127 3 60 68
131 3 30 70
133 3 15 71 88
137 3 56 73
139 3 40 74
143 3 8 76 85
145 3 68 77
149 3 34 79
151 3 17 80 99
155 3 63 82
157 3 45 83
161 3 9 85 95
163 3 76 86
167 3 38 88
169 3 19 89
173 3 70 91
175 3 50 92
179 3 10 94
181 3 84 95
185 3 42 97
187 3 21 98
191 3 77 100
2729 55 57 84
2779 55 58 60
2829 55 36 59 98
2879 55 12 60 73
2929 55 48 61
2971 55 27 91
2979 55 23 62
1 4 31 33
3 4 29 35
5 4 27 37
7 4 25 39
9 4 23 41
11 4 21 43
13 4 19 45
15 4 17 47 98
17 4 15 49 94
19 4 13 51 90
21 4 11 53 86
23 4 9 55 82
25 4 7 57 78
27 4 5 59 74
29 4 3 61 70
31 4 1 63 66
33 4 62 65
35 4 58 67
37 4 54 69
39 4 50 71
41 4 46 73
43 4 42 75
45 4 38 77
47 4 34 79
49 4 30 81
51 4 26 83
53 4 22 85
55 4 18 87
57 4 14 89
59 4 10 91
61 4 6 93
63 4 2 95 99
65 4 93 97
67 4 87 99
1 5 12 13 49 51
2 5 48 52
3 5 11 14 47 53
4 5 46 54
6 5 44 56
7 5 9 16 43 57
8 5 42 58
9 5 8 17 41 59 99
11 5 7 18 39 61 96
12 5 38 62
13 5 6 19 37 63 93
14 5 36 64
16 5 34 66
17 5 4 21 33 67 87
18 5 32 68
19 5 3 22 31 69 84
21 5 2 23 29 71 81
22 5 28 72
23 5 1 24 27 73 78
24 5 26 74
26 5 24 76
27 5 23 26 72 77
28 5 22 78
29 5 21 27 69 79
31 5 19 28 66 81
32 5 18 82
33 5 17 29 63 83
34 5 16 84
36 5 14 86
37 5 13 31 57 87
38 5 12 88
39 5 11 32 54 89
41 5 9 33 51 91
42 5 8 92
43 5 7 34 48 93
44 5 6 94
46 5 4 96
47 5 3 36 42 97
48 5 2 98
49 5 1 37 39 99
51 5 36 38 98
53 5 33 39 94
57 5 27 41 86
59 5 24 42 82
61 5 21 43 78
63 5 18 44 74
67 5 12 46 66
69 5 9 47 62
71 5 6 48 58
73 5 3 49 54
77 5 46 51
79 5 42 52
81 5 38 53
83 5 34 54
87 5 26 56 95
89 5 22 57 90
91 5 18 58 85
93 5 14 59 80
97 5 6 61 70
99 5 2 62 65
101 5 60 63
103 5 55 64
107 5 45 66
109 5 40 67
111 5 35 68
113 5 30 69
117 5 20 71 99
119 5 15 72 93
121 5 10 73 87
123 5 5 74 81
127 5 69 76
129 5 63 77
131 5 57 78
133 5 51 79
137 5 39 81
139 5 33 82
141 5 27 83
143 5 21 84
147 5 9 86 98
149 5 3 87 91
151 5 84 88
153 5 77 89
157 5 63 91
159 5 56 92
161 5 49 93
163 5 42 94
167 5 28 96
169 5 21 97
171 5 14 98
173 5 7 99
2393 20 21 97
11 21 46 65
25 21 38 75
29 21 50 60
43 21 34 80
47 21 54 55
61 21 30 85
65 21 50 58
79 21 26 90
83 21 45 62
97 21 22 95
101 21 40 66
109 21 23 91
115 21 18 100
127 21 25 84
137 21 30 74
145 21 27 77
155 21 25 78
163 21 29 70
167 21 12 100
173 21 20 82
181 21 31 63
185 21 13 92
191 21 15 86
199 21 33 56
209 21 10 90
221 21 15 76
227 21 5 94
235 21 37 42
239 21 16 68
253 21 35 39 94
257 21 17 60 92
271 21 28 41 85
275 21 18 52 83
289 21 21 43 76
293 21 19 44 74
307 21 14 45 67
311 21 20 36 65
319 21 61 95
325 21 7 47 58
337 21 52 85
347 21 20 22 47
355 21 43 75
361 21 40 51
365 21 12 23 38
373 21 34 65
377 21 32 99
379 21 31 53
383 21 4 24 29
391 21 25 55
395 21 23 88
397 21 22 55
401 21 20 25
409 21 16 45
415 21 13 57
419 21 11 26
431 21 5 66
433 21 4 59
437 21 2 27
676 21 86 96
685 21 87 88
694 21 80 88
703 21 72 89
712 21 64 90
730 21 48 92
739 21 40 93
743 21 44 85
748 21 32 94
757 21 24 95
761 21 45 68
766 21 16 96
775 21 8 97
779 21 46 51
793 21 89 99
797 21 34 47 85
802 21 80 100
815 21 17 48 67
841 21 41 95
851 21 31 50
859 21 23 76
869 21 13 51
877 21 5 57
1229 21 65 71
1247 21 39 72
1265 21 13 73 87
1283 21 60 74
1301 21 33 75
1319 21 6 76
1 6 1 56 71 73 90
5 6 12 25 67 77
7 6 2 49 65 79 99
11 6 6 35 61 83
13 6 15 20 59 85
17 6 55 70 72 89
19 6 3 40 53 91
23 6 4 35 49 95
25 6 47 63 77 97
29 6 10 21 43
31 6 5 28 41
35 6 37 50 88
37 6 5 24 35
41 6 31 45 91
43 6 29 55 77
47 6 7 14 25
49 6 23 36 98
53 6 19 30
55 6 7 8 17
59 6 13 55 65
61 6 11 33 91
65 6 7 18
67 6 5 44 70
71 6 1 10
77 6 39 65
83 6 22 80
85 6 42 52
91 6 11 85
95 6 13 75 98
101 6 26 48 86
103 6 14 60 82
107 6 74 95
109 6 13 51 70
113 6 62 85
115 6 58 100
119 6 16 30 50
121 6 46 68
125 6 38 57
127 6 15 17 34
131 6 26 95
133 6 22 60
137 6 14 34
139 6 10 76
143 6 2 19
157 6 69 84
173 6 42 75
175 6 23 92
181 6 21 78
191 6 25 46 75
193 6 69 100
1679 21 70 96
197 6 57 84
199 6 23 26 51
205 6 33 87
209 6 21 50
215 6 3 28
1697 21 35 97
1733 21 62 99
263 6 34 62 100
271 6 31 35 68
281 6 28 66
1751 21 26 100
287 6 4 37
335 6 43 78
343 6 39 44 85
353 6 35 82
359 6 5 46
407 6 52 94
415 6 47 53
425 6 42 98
431 6 6 55
359 210 4 22
487 6 55 62
503 6 7 64
559 6 63 71
575 6 8 73
503 210 24 47
631 6 71 80
559 210 2 5
647 6 9 82
703 6 79 89
719 6 10 91
719 210 27 63
775 6 87 98
791 6 11 100
1153 210 1 95
2087 210 35 46
2159 210 13 47
2287 210 28 99
2519 210 7 52
2591 210 30 53
2953 210 23 97
1 7 24 25 97 99
2 7 96 100
3 7 23 26 95
5 7 22 27 93
9 7 20 29 89
11 7 19 30 87
13 7 18 31 85
15 7 17 32 83
17 7 16 33 81
19 7 15 34 79
23 7 13 36 75
25 7 12 37 73
27 7 11 38 71
29 7 10 39 69
31 7 9 40 67
33 7 8 41 65
37 7 6 43 61
39 7 5 44 59
41 7 4 45 57
43 7 3 46 55
45 7 2 47 53
47 7 1 48 51
51 7 47 50
53 7 45 51
55 7 43 52
57 7 41 53
59 7 39 54
61 7 37 55
65 7 33 57
67 7 31 58
69 7 29 59
71 7 27 60
73 7 25 61
75 7 23 62
79 7 19 64
81 7 17 65 99
83 7 15 66 96
85 7 13 67 93
87 7 11 68 90
89 7 9 69 87
93 7 5 71 81
95 7 3 72 78
97 7 1 73 75
99 7 72 74
101 7 69 75
103 7 66 76
107 7 60 78
109 7 57 79
111 7 54 80
113 7 51 81
115 7 48 82
117 7 45 83
121 7 39 85
123 7 36 86
125 7 33 87
127 7 30 88
129 7 27 89
131 7 24 90
135 7 18 92
137 7 15 93
139 7 12 94
141 7 9 95
143 7 6 96
145 7 3 97
149 7 94 99
151 7 90 100
229 195 35 88
617 195 28 97
679 195 44 72
1067 195 35 79
1129 195 53 56
1517 195 42 61
1579 195 40 62
1967 195 43 49
2029 195 24 71
711 110 81 98
911 110 82 90
1057 110 81 85
1257 110 68 89
1457 110 51 97
2279 110 12 75
2329 110 69 87
2479 110 13 51
2529 110 45 62
2679 110 14 27
2729 110 21 37
2879 110 3 15
47 220 7 96
753 220 14 71
1553 220 21 46
2097 220 29 71
2353 220 21 28
2897 220 4 39
191 252 17 49
1759 252 17 34
1921 252 30 64
1217 260 21 94
2881 252 34 94
2017 260 28 69
2817 260 35 44
2417 195 25 56
2479 195 8 80 97
2767 195 11 81
2867 195 7 63
2929 195 72 89
233 180 7 56
617 180 44 79
1033 180 14 31
2149 255 88 95
1417 180 19 47
2927 255 77 91
53 165 14 85
89 165 20 72
361 165 29 56
503 165 21 67
811 165 38 40
953 165 28 49
1261 165 24 47 98
1333 165 7 94
1369 165 66 92
1403 165 31 35
1603 165 23 79
1711 165 8 56 73
1783 165 9 69
1819 165 67 77
1853 165 13 42
2017 165 56 75
2053 165 5 54
2161 165 48 65
2269 165 42 88
2467 165 31 48
2611 165 23 74
2683 165 13 19
2719 165 17 99
2917 165 6 21
2989 165 2 85
131 315 22 82
719 315 12 28 65
881 315 13 97
1012 315 62 96
89 330 5 18
289 330 4 38
489 308 17 89
361 330 14 37
2369 315 1 32
1079 308 34 57
1439 330 30 62
1511 330 13 63
1711 330 2 14
2087 330 71 94
2647 308 25 51
2889 308 45 95
603 280 53 72
425 231 77 87
1105 231 67 93
1307 231 60 99
771 385 23 36
1955 231 52 98
1987 231 62 85
2635 231 38 100
2837 231 62 65
1679 385 12 48 85
2179 385 75 79
2329 385 1 72
2829 385 2 62
2979 385 59 65
121 390 7 57
671 390 30 68
679 390 11 18
1121 390 2 34
1129 390 14 43
1679 390 16 82
2471 390 46 93
2479 390 2 20
1831 364 51 73
2447 420 68 97
745 396 57 98
737 546 2 85
2089 546 68 86
2791 546 11 45
299 495 31 71
701 495 23 84
601 510 10 92
1001 510 8 50
1249 510 30 83
2401 510 1 67
2599 510 18 26
127 504 32 79
151 570 17 50
1649 570 8 66
1951 570 26 34
2401 570 30 92
2861 585 62 69
97 462 36 81
479 462 4 89
745 462 23 72
871 462 5 45
1753 462 35 58
89 665 84 93
719 630 3 7
761 690 20 82
1039 690 29 66
2561 690 11 98
2839 690 38 50
97 693 16 36
811 595 60 82
1639 595 57 84
1679 770 3 12
2071 770 13 40
381 455 36 47
2069 455 22 60
2831 455 12 72
1439 819 16 60
431 858 49 97
2743 924 15 72
1097 840 23 34
1307 910 87 99
1481 910 7 34
2831 910 3 18
2425 936 47 88
2659 1071 48 71
2431 870 50 98
1633 1155 6 95
2329 1155 8 19
311 1170 7 70
1639 1190 21 79
89 1330 21 88
2361 1330 17 27
2113 1365 3 83
2788 1365 64 86
97 1386 4 9
1777 1428 25 43
2041 1530 8 63
1671 1610 27 38
1439 1638 4 15
1991 1710 17 63
1643 1820 76 87
1153 1932 41 86
641 2030 51 52
1351 2145 9 95
2239 2170 51 67
1849 2142 19 55
2231 2590 75 93
2831 2805 52 84
