T 1791054331 16 415742567682 58110 7431 
G 0, 100, 2137, 87, 550.00
G 1, 100, 2212, 89, 549.99
G 2, 100, 2100, 83, 549.97
G 3, 100, 2265, 77, 549.99
G 4, 100, 2130, 88, 550.01
G 5, 100, 2197, 90, 549.98
G 6, 100, 2212, 89, 549.98
G 7, 100, 2122, 83, 549.98
T 1791054336 16 416026144499 58162 7431 
G 0, 100, 2212, 87, 549.97
G 1, 100, 2235, 89, 549.99
G 2, 100, 2197, 84, 550.00
G 3, 100, 2197, 77, 549.98
G 4, 100, 2250, 88, 549.97
G 5, 100, 2205, 90, 549.98
G 6, 100, 2160, 89, 549.98
G 7, 100, 2130, 83, 549.97
T 1791054342 16 416260983074 58213 7431 
G 0, 100, 2152, 87, 549.99
G 1, 100, 2257, 89, 549.99
G 2, 100, 2190, 84, 549.99
G 3, 100, 2280, 77, 549.99
G 4, 100, 2190, 88, 549.99
G 5, 100, 2190, 90, 549.97
G 6, 100, 2130, 89, 549.99
G 7, 100, 2115, 84, 549.98
T 1791054347 16 416528589710 58265 7431 
G 0, 100, 2160, 87, 549.98
G 1, 100, 2235, 89, 549.98
G 2, 100, 2242, 84, 549.98
G 3, 100, 2287, 77, 549.99
G 4, 100, 2167, 88, 550.00
G 5, 100, 2107, 90, 549.98
G 6, 100, 2167, 89, 549.97
G 7, 100, 2190, 84, 549.97
T 1791054352 16 416764865671 58317 7431 
G 0, 100, 2175, 87, 549.97
G 1, 100, 2212, 89, 549.98
G 2, 100, 2265, 83, 549.98
G 3, 100, 2310, 77, 550.00
G 4, 100, 2197, 88, 549.98
G 5, 100, 2175, 90, 549.97
G 6, 100, 2227, 89, 550.00
G 7, 100, 2220, 84, 550.00
T 1791054357 16 417013546517 58369 7431 
G 0, 100, 2182, 87, 549.97
G 1, 100, 2145, 89, 549.99
G 2, 100, 2152, 84, 549.98
G 3, 100, 2377, 77, 550.00
G 4, 100, 2190, 88, 549.98
G 5, 100, 2182, 90, 549.97
G 6, 100, 2227, 89, 549.97
G 7, 100, 2205, 84, 549.99
T 1791054362 16 417257753548 58421 7431 
G 0, 100, 2115, 87, 550.00
G 1, 100, 2242, 89, 549.99
G 2, 100, 2272, 84, 549.98
G 3, 100, 2317, 77, 549.99
G 4, 100, 2182, 88, 549.99
G 5, 100, 2160, 90, 549.97
G 6, 100, 2190, 89, 549.98
G 7, 100, 2220, 84, 549.99
T 1791054367 16 417531413722 58473 7431 
G 0, 100, 2212, 87, 549.99
G 1, 100, 2167, 89, 549.98
G 2, 100, 2205, 84, 549.99
G 3, 100, 2242, 77, 549.99
G 4, 100, 2227, 88, 549.99
G 5, 100, 2235, 90, 550.01
G 6, 100, 2167, 90, 550.00
G 7, 100, 2212, 84, 549.97
T 1791054373 16 417771561592 58525 7431 
G 0, 100, 2100, 87, 550.01
G 1, 100, 2257, 89, 549.98
G 2, 100, 2145, 84, 549.99
G 3, 100, 2302, 78, 550.00
G 4, 100, 2182, 88, 550.00
G 5, 100, 2167, 90, 549.99
G 6, 100, 2235, 89, 550.01
G 7, 100, 2107, 84, 549.99
T 1791054378 16 418025306805 58576 7431 
G 0, 100, 2160, 87, 549.99
G 1, 100, 2250, 89, 549.99
G 2, 100, 2227, 84, 549.98
G 3, 100, 2257, 77, 549.99
G 4, 100, 2212, 88, 549.99
G 5, 100, 2227, 90, 550.00
G 6, 100, 2242, 89, 550.00
G 7, 100, 2130, 84, 549.98
T 1791054383 16 418314039988 58628 7431 
G 0, 100, 2167, 87, 549.97
G 1, 100, 2167, 89, 549.99
G 2, 100, 2265, 84, 549.96
G 3, 100, 2310, 78, 549.98
G 4, 100, 2227, 88, 549.98
G 5, 100, 2115, 90, 549.99
G 6, 100, 2250, 90, 550.02
G 7, 100, 2152, 84, 549.97
T 1791054388 16 418557053142 58680 7431 
G 0, 100, 2152, 87, 550.00
G 1, 100, 2227, 89, 549.99
G 2, 100, 2220, 84, 549.97
G 3, 100, 2227, 78, 549.99
G 4, 100, 2182, 88, 549.98
G 5, 100, 2182, 90, 550.01
G 6, 100, 2205, 90, 549.98
G 7, 100, 2227, 84, 550.00
T 1791054393 16 418853436687 58731 7431 
G 0, 100, 2205, 87, 549.99
G 1, 100, 2220, 89, 549.98
G 2, 100, 2235, 84, 550.00
G 3, 100, 2355, 78, 550.00
G 4, 100, 2295, 88, 549.99
G 5, 100, 2122, 90, 549.98
G 6, 100, 2190, 89, 549.99
G 7, 100, 2205, 84, 550.00
T 1791054399 16 419077380264 58783 7431 
G 0, 100, 2190, 87, 549.99
G 1, 100, 2272, 88, 549.98
G 2, 100, 2295, 84, 549.98
G 3, 100, 2332, 78, 549.99
G 4, 100, 2280, 88, 549.98
G 5, 100, 2175, 90, 549.99
G 6, 100, 2212, 89, 549.99
G 7, 100, 2220, 84, 550.00
T 1791054404 16 419308385390 58835 7431 
G 0, 100, 2100, 87, 549.98
G 1, 100, 2250, 89, 549.99
G 2, 100, 2235, 84, 550.00
G 3, 100, 2295, 78, 549.98
G 4, 100, 2175, 88, 549.99
G 5, 100, 2212, 90, 549.98
G 6, 100, 2220, 89, 549.98
G 7, 100, 2205, 84, 549.97
T 1791054409 16 419579179524 58887 7431 
G 0, 100, 2175, 87, 549.99
G 1, 100, 2220, 89, 549.99
G 2, 100, 2220, 84, 549.98
G 3, 100, 2287, 77, 550.00
G 4, 100, 2370, 88, 549.99
G 5, 100, 2197, 90, 549.99
G 6, 100, 2212, 89, 549.98
G 7, 100, 2137, 84, 549.98
T 1791054414 16 419833751431 58939 7431 
G 0, 100, 2190, 87, 549.98
G 1, 100, 2182, 89, 549.99
G 2, 100, 2227, 84, 550.00
G 3, 100, 2310, 77, 549.98
G 4, 100, 2227, 88, 549.98
G 5, 100, 2160, 90, 549.99
G 6, 100, 2197, 89, 549.98
G 7, 100, 2092, 84, 549.99
T 1791054419 16 420100547404 58991 7431 
G 0, 100, 2272, 87, 549.97
G 1, 100, 2272, 89, 550.00
G 2, 100, 2272, 84, 549.98
G 3, 100, 2325, 77, 549.98
G 4, 100, 2235, 88, 549.98
G 5, 100, 2205, 90, 549.99
G 6, 100, 2235, 89, 550.00
G 7, 100, 2152, 84, 549.97
T 1791054424 16 420337300456 59043 7431 
G 0, 100, 2205, 87, 550.01
G 1, 100, 2295, 89, 549.99
G 2, 100, 2220, 84, 549.99
G 3, 100, 2302, 77, 549.99
G 4, 100, 2220, 88, 549.97
G 5, 100, 2182, 90, 549.97
G 6, 100, 2235, 89, 550.00
G 7, 100, 2227, 84, 550.00
T 1791054430 16 420607084040 59094 7431 
G 0, 100, 2182, 87, 550.00
G 1, 100, 2175, 88, 549.98
G 2, 100, 2265, 84, 550.00
G 3, 100, 2205, 77, 549.99
G 4, 100, 2287, 88, 549.98
G 5, 100, 2122, 90, 550.00
G 6, 100, 2242, 89, 549.97
G 7, 100, 2175, 84, 549.97
T 1791054435 16 420885544568 59146 7431 
G 0, 100, 2182, 87, 549.99
G 1, 100, 2272, 89, 549.99
G 2, 100, 2235, 84, 549.98
G 3, 100, 2310, 77, 549.99
G 4, 100, 2272, 88, 549.98
G 5, 100, 2130, 90, 550.02
G 6, 100, 2190, 89, 549.99
G 7, 100, 2227, 84, 549.97
T 1791054440 16 421120277564 59198 7431 
G 0, 100, 2130, 87, 550.01
G 1, 100, 2220, 89, 549.99
G 2, 100, 2235, 84, 549.99
G 3, 100, 2355, 77, 549.99
G 4, 100, 2257, 88, 549.98
G 5, 100, 2190, 90, 550.00
G 6, 100, 2175, 89, 549.98
G 7, 100, 2107, 84, 549.96
T 1791054445 16 421391533637 59250 7431 
G 0, 100, 2190, 87, 549.99
G 1, 100, 2227, 88, 549.99
G 2, 100, 2205, 84, 549.99
G 3, 100, 2325, 77, 549.99
G 4, 100, 2122, 88, 549.99
G 5, 100, 2190, 90, 549.99
G 6, 100, 2220, 89, 549.99
G 7, 100, 2137, 84, 550.00
T 1791054450 16 421646586070 59302 7431 
G 0, 100, 2145, 87, 549.95
G 1, 100, 2175, 89, 549.99
G 2, 100, 2265, 84, 549.99
G 3, 100, 2265, 77, 549.98
G 4, 100, 2250, 88, 549.99
G 5, 100, 2115, 90, 549.99
G 6, 100, 2197, 89, 549.99
G 7, 100, 2137, 84, 550.00
T 1791054456 16 421917389707 59354 7431 
G 0, 100, 2182, 87, 549.98
G 1, 100, 2242, 89, 549.99
G 2, 100, 2220, 84, 549.98
G 3, 100, 2332, 77, 550.00
G 4, 100, 2242, 88, 550.01
G 5, 100, 2220, 90, 549.97
G 6, 100, 2265, 89, 549.99
G 7, 100, 2190, 84, 549.99
T 1791054461 16 422165505130 59406 7431 
G 0, 100, 2145, 87, 549.99
G 1, 100, 2160, 89, 550.00
G 2, 100, 2227, 84, 549.99
G 3, 100, 2257, 77, 549.99
G 4, 100, 2235, 88, 549.99
G 5, 100, 2212, 90, 549.97
G 6, 100, 2190, 89, 549.99
G 7, 100, 2190, 85, 549.99
T 1791054466 16 422434349966 59457 7431 
G 0, 100, 2152, 87, 549.98
G 1, 100, 2280, 88, 549.99
G 2, 100, 2235, 84, 550.01
G 3, 100, 2317, 77, 549.99
G 4, 100, 2137, 88, 549.98
G 5, 100, 2190, 90, 549.97
G 6, 100, 2160, 89, 549.97
G 7, 100, 2220, 84, 549.99
T 1791054471 16 422683603370 59509 7431 
G 0, 100, 2197, 87, 549.98
G 1, 100, 2212, 88, 550.00
G 2, 100, 2235, 84, 549.99
G 3, 100, 2310, 77, 549.99
G 4, 100, 2250, 88, 549.98
G 5, 100, 2205, 90, 549.98
G 6, 100, 2197, 89, 549.99
G 7, 100, 2212, 84, 549.98
T 1791054476 16 422933362321 59561 7431 
G 0, 100, 2190, 87, 549.99
G 1, 100, 2340, 89, 549.97
G 2, 100, 2182, 84, 549.98
G 3, 100, 2302, 77, 550.00
G 4, 100, 2197, 88, 549.99
G 5, 100, 2160, 90, 549.99
G 6, 100, 2287, 89, 550.00
G 7, 100, 2100, 84, 549.99
T 1791054481 16 423167696641 59612 7431 
G 0, 100, 2280, 87, 549.98
G 1, 100, 2265, 89, 549.99
G 2, 100, 2437, 84, 549.98
G 3, 100, 2257, 77, 549.99
G 4, 100, 2265, 88, 550.00
G 5, 100, 2137, 90, 550.01
G 6, 100, 2175, 89, 549.98
G 7, 100, 2242, 84, 550.00
T 1791054487 16 423455501531 59664 7431 
G 0, 100, 2160, 87, 550.00
G 1, 100, 2190, 89, 549.99
G 2, 100, 2295, 84, 549.99
G 3, 100, 2235, 77, 549.99
G 4, 100, 2265, 88, 549.99
G 5, 100, 2190, 90, 549.98
G 6, 100, 2205, 89, 550.01
G 7, 100, 2145, 84, 549.98
T 1791054492 16 423703645281 59716 7431 
G 0, 100, 2137, 87, 549.98
G 1, 100, 2152, 89, 549.99
G 2, 100, 2220, 84, 549.97
G 3, 100, 2287, 77, 549.99
G 4, 100, 2190, 88, 549.99
G 5, 100, 2257, 90, 549.98
G 6, 100, 2167, 89, 549.98
G 7, 100, 2257, 84, 549.98
T 1791054497 16 423985186852 59768 7431 
G 0, 100, 2190, 87, 549.97
G 1, 100, 2250, 89, 549.98
G 2, 100, 2190, 84, 549.99
G 3, 100, 2295, 77, 550.00
G 4, 100, 2212, 88, 549.99
G 5, 100, 2137, 90, 549.97
G 6, 100, 2235, 89, 549.99
G 7, 100, 2152, 84, 549.99
T 1791054502 16 424203397570 59820 7431 
G 0, 100, 2100, 87, 550.00
G 1, 100, 2160, 89, 550.00
G 2, 100, 2197, 84, 549.99
G 3, 100, 2430, 76, 549.99
G 4, 100, 2115, 88, 550.00
G 5, 100, 2160, 90, 549.98
G 6, 100, 2332, 89, 549.99
G 7, 100, 2047, 84, 549.99
T 1791054507 16 424491184959 59872 7431 
G 0, 100, 2107, 87, 550.01
G 1, 100, 2242, 88, 549.99
G 2, 100, 2250, 84, 549.98
G 3, 100, 2302, 77, 549.99
G 4, 100, 2175, 88, 550.00
G 5, 100, 2092, 90, 549.99
G 6, 100, 2242, 89, 549.97
G 7, 100, 2167, 84, 550.02
T 1791054513 16 424739755795 59924 7431 
G 0, 100, 2175, 87, 549.97
G 1, 100, 2287, 88, 549.99
G 2, 100, 2295, 84, 549.99
G 3, 100, 2347, 77, 549.99
G 4, 100, 2182, 88, 549.97
G 5, 100, 2175, 90, 550.00
G 6, 100, 2220, 89, 549.98
G 7, 100, 2100, 84, 549.98
T 1791054518 16 424987838138 59975 7431 
G 0, 100, 2107, 87, 549.99
G 1, 100, 2190, 88, 549.99
G 2, 100, 2257, 84, 549.99
G 3, 100, 2317, 77, 549.99
G 4, 100, 2152, 88, 549.98
G 5, 100, 2152, 90, 549.99
G 6, 100, 2295, 89, 549.98
G 7, 100, 2152, 84, 549.99
T 1791054523 16 425274700377 60028 7431 
G 0, 100, 2167, 87, 550.00
G 1, 100, 2272, 88, 549.99
G 2, 100, 2182, 83, 549.97
G 3, 100, 2265, 77, 549.98
G 4, 100, 2250, 88, 549.97
G 5, 100, 2145, 90, 549.96
G 6, 100, 2182, 89, 549.98
G 7, 100, 2167, 84, 549.99
T 1791054528 16 425513081980 60080 7431 
G 0, 100, 2107, 87, 549.97
G 1, 100, 2235, 88, 549.99
G 2, 100, 2115, 83, 549.97
G 3, 100, 2325, 77, 549.99
G 4, 100, 2190, 88, 549.99
G 5, 100, 2160, 90, 549.97
G 6, 100, 2212, 89, 549.97
G 7, 100, 2197, 84, 549.97
T 1791054533 16 425790961608 60131 7431 
G 0, 100, 2062, 86, 550.00
G 1, 100, 2205, 88, 549.99
G 2, 100, 2197, 84, 550.01
G 3, 100, 2362, 77, 549.99
G 4, 100, 2220, 88, 550.00
G 5, 100, 2250, 90, 549.98
G 6, 100, 2235, 89, 549.98
G 7, 100, 2205, 84, 549.97
T 1791054539 16 426056429973 60183 7431 
G 0, 100, 2197, 87, 550.00
G 1, 100, 2250, 89, 549.99
G 2, 100, 2257, 84, 550.00
G 3, 100, 2325, 77, 549.99
G 4, 100, 2220, 88, 549.97
G 5, 100, 2160, 90, 549.97
G 6, 100, 2265, 89, 549.99
G 7, 100, 2197, 84, 550.00
T 1791054544 16 426313976489 60235 7431 
G 0, 100, 2152, 87, 549.99
G 1, 100, 2190, 88, 549.99
G 2, 100, 2190, 84, 549.99
G 3, 100, 2355, 78, 550.00
G 4, 100, 2287, 88, 549.99
G 5, 100, 2070, 90, 549.99
G 6, 100, 2265, 89, 549.99
G 7, 100, 2280, 84, 549.96
T 1791054549 16 426556530304 60287 7431 
G 0, 100, 2130, 87, 550.00
G 1, 100, 2280, 88, 549.99
G 2, 100, 2242, 84, 549.98
G 3, 100, 2287, 77, 549.99
G 4, 100, 2167, 88, 549.99
G 5, 100, 2220, 90, 550.00
G 6, 100, 2272, 89, 549.98
G 7, 100, 2085, 84, 550.01
T 1791054554 16 426810393107 60338 7431 
G 0, 100, 2175, 87, 549.97
G 1, 100, 2250, 88, 549.99
G 2, 100, 2175, 83, 549.99
G 3, 100, 2265, 77, 549.98
G 4, 100, 2212, 88, 549.97
G 5, 100, 2212, 90, 549.97
G 6, 100, 2272, 89, 549.98
G 7, 100, 2152, 84, 550.00
T 1791054559 16 427071754667 60390 7431 
G 0, 100, 2205, 87, 549.97
G 1, 100, 2197, 88, 549.98
G 2, 100, 2257, 83, 549.99
G 3, 100, 2272, 77, 549.99
G 4, 100, 2197, 88, 549.99
G 5, 100, 2197, 90, 549.99
G 6, 100, 2175, 89, 549.98
G 7, 100, 2190, 85, 550.02
T 1791054564 16 427338263286 60442 7431 
G 0, 100, 2152, 87, 550.00
G 1, 100, 2272, 88, 550.00
G 2, 100, 2197, 84, 549.99
G 3, 100, 2332, 77, 549.99
G 4, 100, 2220, 88, 549.98
G 5, 100, 2197, 90, 549.99
G 6, 100, 2182, 89, 550.00
G 7, 100, 2212, 84, 549.97
