# N=20000
1 30 13
73 150 14
19 30 10
523 270 10
589 270 10
217 30 10
349 30 10
763 270 14
481 30 10
613 30 10
727 30 15
5143 270 10
5209 270 10
5341 270 10
1339 30 10
13 390 13
247 390 10
2131 30 10
121 150 11
2989 30 10
709 390 10
5491 270 15
3481 30 12
1303 390 11
3517 30 10
1747 390 13
1831 390 10
7519 270 10
4417 30 10
949 150 11
2359 390 10
5827 30 10
1393 150 10
6091 30 10
2821 390 10
2317 150 10
4537 390 10
6949 30 10
6253 390 10
8683 30 16
7969 390 10
3307 150 10
9721 30 10
8641 270 10
11701 30 10
8227 390 16
8431 390 10
9289 270 11
12313 30 11
11839 270 11
12823 30 10
9451 390 15
13069 30 10
12073 270 10
12919 390 16
13051 390 10
3703 150 11
14341 30 11
15889 390 10
12799 270 10
15199 30 10
7 420 13
313 420 12
343 420 10
12931 270 10
1 60 13
14287 270 12
49 60 10
511 60 10
15553 270 13
1831 60 10
1897 60 10
3181 420 11
3331 420 10
3019 60 10
3577 420 10
5179 150 14
3511 60 15
5779 420 10
5821 420 10
3547 60 10
6481 420 10
487 300 10
553 300 10
9517 420 10
8683 150 10
5143 60 12
9247 150 10
10243 420 10
5527 60 10
9643 150 10
6649 60 10
10639 420 10
7243 60 10
12817 420 10
7687 60 11
13267 420 14
13279 420 10
8101 60 10
8299 60 10
883 300 10
8563 60 10
10687 150 15
10213 60 10
3523 300 10
11137 60 11
14797 420 12
13117 60 10
12679 150 10
151 450 13
14161 60 10
223 450 14
14767 60 12
397 450 10
439 450 10
15319 150 11
2089 450 10
37 180 10
121 180 10
169 180 10
367 180 10
2353 450 10
2683 450 10
673 180 13
3541 450 10
1621 180 10
17209 60 10
2083 180 10
5719 450 10
5983 450 10
5041 300 10
6859 450 12
18199 60 10
2671 180 10
8227 450 10
19123 60 15
4327 180 10
11329 450 10
19321 60 10
5569 300 10
11923 450 10
7417 300 10
13 90 10
277 90 10
343 90 10
15883 450 10
4987 180 10
1033 90 17
7201 180 12
1069 90 10
8539 300 10
1399 90 16
10363 300 10
157 480 16
2257 90 10
997 480 10
1063 480 10
1129 480 11
2983 90 10
12247 180 10
4933 90 13
10453 300 10
6679 90 10
2251 480 10
2299 480 11
7141 90 10
13441 300 10
7927 90 13
2383 480 10
8329 90 10
15139 300 10
3769 480 10
10507 90 10
16129 300 10
4033 480 15
1 330 12
31 330 13
49 330 10
103 330 10
127 330 10
211 330 11
12157 90 10
6079 480 10
12289 90 12
7333 480 10
14281 90 10
14557 90 10
8107 480 11
15373 90 13
9337 480 11
16381 90 10
10369 480 10
17569 90 10
14647 180 15
14653 180 12
11761 480 13
15877 180 10
13999 480 10
17911 180 10
15253 480 10
18637 90 13
18097 180 10
18319 180 10
121 510 10
259 510 10
7 120 10
1 210 10
7 210 13
613 120 13
301 510 10
769 120 10
499 510 10
1957 120 10
121 210 11
2353 120 10
1093 510 10
3271 120 10
823 330 15
1159 510 10
1489 510 10
997 330 13
3607 120 10
1129 330 16
4663 120 10
1231 330 10
1273 330 10
4729 120 11
2017 510 10
2221 510 11
5203 120 11
3931 510 10
4129 510 10
7753 120 12
4723 510 10
4831 510 11
1741 330 11
8359 120 12
5119 510 10
9151 120 10
5779 510 10
133 210 10
6571 510 10
6901 510 10
1867 330 11
7297 510 10
199 210 13
9871 510 10
397 210 10
11461 120 10
10003 510 10
14167 120 11
1453 210 10
10423 510 12
14827 120 10
1519 210 10
17137 120 10
2443 210 10
18157 120 14
2971 210 10
91 630 10
13897 510 12
14131 510 12
1327 630 10
14491 510 10
1741 630 10
1963 330 11
2041 330 11
133 540 10
1939 630 10
859 540 10
1057 540 10
1123 540 10
2341 630 19
2401 630 10
2641 540 10
2503 330 12
2557 330 11
3367 540 10
7231 630 17
3169 330 15
7483 630 10
3583 540 11
9793 630 16
3781 330 16
4621 540 10
4951 540 10
13381 630 11
4171 330 11
6733 540 10
3367 210 10
14083 630 10
14149 630 10
4291 210 10
7129 540 10
211 660 12
331 660 10
5089 210 15
457 660 16
577 660 11
7459 540 10
1561 660 16
7459 210 12
1603 660 12
1849 660 10
4519 330 11
7723 540 10
1867 660 14
9037 540 11
2023 660 13
10231 540 10
4801 330 16
3433 660 13
9373 210 10
10957 540 10
10627 210 10
3589 660 10
11221 540 10
5047 330 10
5227 330 11
3907 660 16
3997 660 12
6229 330 12
11947 540 10
6649 330 14
4111 660 11
7147 330 12
19 570 13
361 570 10
4309 660 11
7759 330 15
7783 330 11
5377 660 10
1021 570 10
5641 660 12
1573 570 11
10693 210 10
3793 570 10
5881 660 11
4057 570 10
4123 570 10
5947 660 11
4687 570 10
7477 660 12
12961 210 12
7783 660 12
13663 210 10
8293 660 10
14917 210 10
9043 660 11
6037 570 13
9211 660 15
133 240 10
6631 570 10
6829 570 10
10129 660 13
823 240 10
7489 570 12
8161 330 12
7693 570 10
10333 660 10
1351 240 13
9139 570 10
8713 330 10
9931 570 10
10987 660 11
10261 570 10
9001 330 11
11401 660 10
11317 570 10
1549 240 10
11647 570 10
11761 660 11
13627 570 10
13813 570 11
12373 660 11
9187 330 16
14749 570 10
13333 660 11
457 600 10
3529 240 12
121 690 10
217 690 10
10129 330 15
1009 690 10
853 600 10
10513 330 12
1339 690 10
1471 690 10
3727 240 10
3889 600 10
10819 330 13
11071 330 14
8311 600 10
1669 690 10
4003 240 13
1999 690 10
2131 690 10
13003 330 10
2923 690 10
13081 330 11
8773 600 10
13693 330 11
4111 690 14
5461 240 15
4507 690 10
14107 330 12
11677 600 10
14593 330 10
12967 600 11
6487 690 10
8479 240 10
6553 690 10
15073 330 11
13921 600 10
10531 240 13
14251 600 10
14383 600 10
7081 690 10
25 750 13
15817 330 13
475 750 10
631 750 10
151 360 12
1861 750 10
9013 690 14
349 360 10
1993 750 10
9667 690 12
12241 240 11
11239 690 10
11437 690 10
2983 750 10
12229 690 10
5425 750 10
13219 690 10
12463 240 10
6217 750 10
811 360 10
1009 360 10
7471 750 10
1579 360 11
8593 750 13
8725 750 10
127 720 10
8833 750 11
15937 240 10
157 720 11
199 870 10
10177 750 10
271 870 15
12025 750 10
511 720 10
12463 750 11
2689 360 14
13 780 13
43 780 10
109 780 10
463 870 10
559 870 10
523 780 10
637 780 10
1831 720 10
4477 360 10
2353 720 10
1981 870 10
4207 720 10
967 780 10
4603 720 10
2023 780 10
2221 780 10
5527 720 10
5149 780 10
5761 360 10
8563 720 10
2179 870 10
8863 720 12
3469 870 11
8893 720 11
7747 360 11
9601 720 10
5521 780 10
8203 360 10
10213 720 10
8929 360 10
11749 720 11
9583 360 11
6577 780 10
7 990 11
6643 780 10
97 990 12
127 990 11
139 990 11
289 990 10
8107 780 11
3607 870 12
9151 780 10
487 990 10
541 990 10
12493 360 12
607 990 14
691 990 10
739 990 11
4423 870 10
769 990 10
811 990 14
841 990 10
13153 360 10
853 990 12
973 990 10
13567 360 11
3523 990 11
11359 780 10
4003 990 11
14011 360 10
4237 990 12
73 810 10
6241 990 13
403 810 10
469 810 10
763 810 11
4687 870 10
6361 990 10
1063 810 10
15031 360 13
3439 810 10
5611 870 10
6379 990 14
5683 810 10
16519 360 10
6733 870 10
7177 990 11
8053 870 10
8719 810 14
8749 810 10
9127 870 12
7501 990 11
37 1110 13
7993 990 10
11311 870 10
10171 810 13
151 900 12
8329 990 12
11887 810 10
8839 990 12
673 900 10
49 840 10
9847 990 11
703 1110 10
10459 990 10
2209 900 10
661 840 10
2803 900 10
11053 990 10
1693 1110 10
1843 840 15
349 1020 10
3433 900 15
2479 840 10
3463 900 11
3271 840 10
679 1020 10
4051 1110 11
847 1020 11
3637 900 16
4291 840 13
967 1020 12
5641 900 12
5383 840 10
2197 1020 10
31 930 13
349 930 11
6637 840 10
3583 1020 10
10099 840 11
553 930 10
589 930 10
757 930 10
3913 1020 10
10861 840 10
5431 1020 10
229 1230 10
6289 1020 10
6487 1020 10
823 1230 10
871 930 11
1549 1230 10
6619 1020 14
4333 1110 10
7069 1020 13
2539 1230 10
7207 1020 13
5113 1230 10
1381 930 10
7807 1020 10
1447 930 10
9457 1020 10
6631 1230 10
6829 1230 10
511 1050 14
601 1050 10
5917 1110 10
8047 1230 10
847 1050 11
7369 1110 10
2131 1050 10
7501 1110 10
3019 1050 10
259 1260 10
2701 930 10
4153 1050 11
3691 930 10
4867 1050 14
397 1260 10
7723 1110 12
6643 1050 11
4351 930 10
8233 1050 10
8029 1110 10
847 1260 10
1051 1260 10
5209 930 10
8761 1050 10
6727 930 10
1183 1260 10
1447 1260 10
8179 930 10
2341 1260 11
9751 1050 10
2569 1260 10
10309 930 11
10477 1050 10
3361 1260 10
10819 930 10
547 1080 13
91 960 10
4711 1260 13
9091 1110 10
1399 1080 10
193 960 12
7573 1260 10
637 960 10
6811 1080 10
1147 960 10
9583 1080 10
9433 1110 10
9613 1080 10
9631 1080 10
1279 960 10
1477 960 10
7783 1260 10
1741 960 10
43 1290 13
19 1140 13
2989 1350 10
2863 960 14
691 1290 11
4249 960 10
817 1290 10
853 1290 10
5563 1350 10
6019 1350 10
1543 1290 10
121 1140 10
3751 1290 11
409 1380 11
3853 1290 10
601 1140 10
4051 1290 10
853 1140 11
931 1140 10
6577 1290 11
769 1380 10
907 1380 10
49 1320 11
169 1320 10
277 1320 12
1279 1380 10
1129 1140 10
349 1320 10
367 1320 13
4759 960 10
703 1320 12
1831 1380 10
7147 960 12
2029 1380 10
859 1320 10
2317 1140 10
973 1320 12
991 1320 10
1093 1320 12
3613 1380 10
1267 1320 10
3307 1140 10
3373 1140 10
3877 1380 10
7417 960 10
1987 1320 11
7813 960 10
4339 1380 10
2119 1320 14
7441 1380 10
2401 1320 12
2509 1320 10
9841 960 11
3241 1320 10
5089 1140 10
5101 1140 10
79 1410 10
373 1410 10
3643 1320 11
7 1470 10
1183 1410 10
3919 1320 10
2917 1410 10
49 1470 13
3313 1410 10
3319 1410 12
847 1470 11
931 1470 10
5491 1410 10
4567 1320 12
6781 1410 10
5179 1320 12
5203 1140 11
7273 1410 10
5587 1320 11
5689 1320 11
7333 1140 10
121 1440 11
373 1440 10
6301 1320 11
439 1440 10
6571 1320 10
6673 1320 10
6679 1320 11
1891 1440 10
1393 1470 13
1957 1440 10
61 1590 10
4201 1440 10
2779 1470 10
607 1590 10
4927 1440 10
1159 1590 11
1447 1590 10
3007 1470 12
4483 1590 10
8419 1140 11
5023 1470 11
247 1710 10
421 1620 10
9709 1140 10
1237 1620 10
25 1500 13
1267 1710 11
169 1170 10
1873 1620 10
2203 1710 11
523 1170 10
2509 1710 11
643 1170 13
3613 1710 10
433 1500 10
3721 1620 10
3787 1620 10
4273 1710 10
1027 1500 10
1009 1740 10
3601 1170 10
91 1650 10
211 1650 10
373 1650 10
379 1650 12
4459 1170 10
457 1650 11
1147 1740 10
613 1650 11
619 1650 10
751 1650 11
1333 1740 10
793 1650 12
871 1650 10
877 1650 11
937 1650 10
1141 1650 10
1225 1500 10
1531 1740 10
5887 1170 13
1729 1740 10
1333 1500 11
1993 1740 10
7561 1170 10
1327 1650 12
1429 1650 12
4201 1740 10
1567 1650 10
709 1770 10
3577 1650 10
1117 1770 11
1423 1500 10
931 1680 10
2677 1500 10
1759 1770 10
1339 1680 10
67 1200 10
1867 1680 10
2161 1770 11
4789 1500 10
2923 1680 11
121 1200 10
3187 1680 10
2611 1200 14
3079 1770 10
61 1830 11
5041 1200 11
787 1830 11
4921 1500 10
1159 1830 10
6181 1200 12
6337 1200 10
181 1800 11
133 1530 10
1543 1830 11
223 1530 13
2611 1830 10
967 1800 11
301 1530 13
1573 1800 11
2809 1830 10
2251 1800 10
3469 1830 10
6799 1200 10
31 1860 11
8251 1200 10
661 1860 10
613 1530 13
691 1530 13
847 1860 11
3307 1800 10
1519 1860 10
13 2070 10
619 1950 10
97 1890 11
247 1890 10
343 2070 10
1117 1920 10
721 1950 10
541 2070 10
553 2070 10
73 2190 10
109 2190 10
847 2070 10
1093 2070 10
949 1950 10
139 2160 10
871 1530 13
1447 1950 10
1417 1530 11
1453 1530 10
1573 1950 10
1981 1530 10
43 1980 11
301 1980 10
457 1980 10
547 1980 10
559 1980 10
721 1980 10
823 1980 10
1087 1980 10
1417 1980 10
1453 1980 10
1501 1980 10
1543 1980 10
1561 1980 10
1777 1980 10
1963 1980 10
2509 1530 10
67 2010 10
679 2010 10
2707 1530 10
1273 2010 10
1669 2010 10
3439 1530 11
397 2040 10
499 2040 10
643 2040 10
841 2040 10
1039 2040 10
3853 1530 10
4159 1530 10
4489 1530 10
91 1560 10
121 1560 11
757 1560 10
1153 1560 10
3529 1560 10
5641 1560 10
