# N=149636099.25
2235271 129030 28
51796651 165660 28
126652663 302940 28
7310869 387090 28
15306811 387090 28
55690873 387090 28
83065771 387090 28
503491 460020 28
34889629 471240 28
100257769 488070 29
121415737 488070 28
20493553 516120 28
57964579 561660 28
11358529 605880 28
466051 645150 31
25691503 645150 28
649633 774180 28
17286751 779790 28
75275599 779790 28
18340969 791010 28
96499669 813450 28
6943417 903210 28
15646897 903210 28
24380563 933570 28
102595513 942480 28
23319997 963930 28
17183587 976140 28
104359891 1015410 28
51076087 1206150 28
88169431 1259940 28
94095319 1290300 29
110206267 1290300 28
11395843 1301520 28
922033 1329570 28
3992779 1438140 28
41645707 1464210 30
17315479 1548360 28
84199279 1591590 28
22314553 1609080 29
48124729 1626900 28
29058523 1677390 28
1181167 1783980 29
7474063 1806420 29
74023141 1868130 28
74207059 1941060 28
853891 2026530 28
61700797 2026530 28
58765507 2041710 28
70584781 2064480 28
67584301 2102430 28
48877927 2143020 29
41118559 2246640 28
46354921 2277660 28
39428887 2300100 28
15490657 2322540 28
26948683 2322540 29
49179319 2322540 28
58744969 2322540 28
42470149 2451570 28
67869337 2451570 29
5028913 2481930 28
19148743 2536050 28
67425517 2570700 28
14171347 2642310 28
20312053 2671680 30
57868189 2702040 28
42171559 2709630 29
51176083 2709630 28
67558633 2709630 30
71920111 2838660 28
4543651 2899380 28
1484497 2922810 28
503137 2928420 30
20606749 2928420 30
47075833 2982870 28
28214719 3005640 28
34124977 3179880 28
3524437 3220140 28
55881775 3225750 28
17445619 3354780 28
47143981 3375900 28
37568689 3438270 28
4532749 3450150 28
3344203 3596010 28
1276663 3741870 30
1697323 3741870 28
3104719 3741870 28
35207407 3741870 28
41097307 3741870 30
44011741 3741870 29
3345607 3779820 28
35638249 3856710 30
10012681 3865290 28
11366239 3927000 28
6424123 4286040 28
4088257 4392630 30
2554117 4500870 28
3262357 4516050 31
1185619 4645080 30
4889443 4774110 28
8689309 4907100 28
3213283 5282640 28
