# N=67500.0
8683 30 16
25933 150 16
8227 390 16
19123 60 18
12919 390 16
1033 90 17
18979 510 18
1399 90 16
24061 210 16
31189 420 16
1129 330 16
2341 630 19
3781 330 16
45487 510 16
7231 630 17
60781 210 16
21031 450 17
4801 330 16
9793 630 16
52237 510 17
9187 330 16
20917 330 16
157 480 16
24589 330 16
27547 330 16
457 660 16
1561 660 16
3907 660 16
18133 660 17
28183 660 16
30937 660 16
42667 660 16
30271 990 20
56131 660 16
3637 900 16
50443 990 16
47869 1110 18
43801 1020 16
13429 1170 17
18187 1170 16
21469 1350 21
38959 1170 18
22369 1260 16
19627 1710 17
11581 1290 17
26581 1710 16
45127 1380 17
3319 1410 17
5803 1740 16
18769 1620 16
4567 1320 16
9079 1650 16
9181 1650 16
15727 1770 16
15979 1650 18
36211 1320 17
21601 1650 16
43327 1320 19
45787 1320 16
40393 1650 16
42739 1650 16
1777 1980 18
7903 2310 16
27361 1980 16
10147 2310 18
35317 1980 16
26467 2310 16
28639 2310 17
15451 2460 16
28813 2310 16
25825 2250 17
19177 2160 16
841 2490 16
13843 2040 16
4153 2640 16
29851 2040 16
11053 2640 16
967 2400 17
16069 2700 18
4423 3060 16
811 2970 16
7501 2970 20
14479 2970 16
14083 2880 16
21853 2970 16
2023 3120 17
15973 3240 16
1099 3360 16
1813 3630 16
6829 3480 16
811 4050 17
151 4080 16
2953 4080 16
829 4290 16
