# N=20000
1 30 13
73 150 14
13 390 13
2341 630 19
763 270 14
1747 390 13
5179 150 14
7231 630 17
727 30 15
8227 390 16
9793 630 16
3481 30 12
10687 150 15
8683 30 16
211 660 12
673 180 13
457 660 16
10423 510 12
1 60 13
13897 510 12
14131 510 12
3511 60 15
7201 180 12
1561 660 16
9451 390 15
5143 60 12
1603 660 12
5491 270 15
14767 60 12
1867 660 14
19 570 13
19123 60 15
2023 660 13
1033 90 17
14287 270 12
6037 570 13
1399 90 16
12919 390 16
15553 270 13
14647 180 15
14653 180 12
7 420 13
313 420 12
3433 660 13
7 210 13
1 330 12
31 330 13
3907 660 16
3997 660 12
13267 420 14
823 330 15
997 330 13
5641 660 12
199 210 13
7477 660 12
4933 90 13
5089 210 15
7783 660 12
7927 90 13
7459 210 12
1129 330 16
9211 660 15
12961 210 12
7489 570 12
2503 330 12
1351 240 13
14797 420 12
12289 90 12
3529 240 12
3169 330 15
151 450 13
223 450 14
15373 90 13
6859 450 12
4003 240 13
25 750 13
10129 660 13
3781 330 16
18637 90 13
5461 240 15
613 120 13
4111 690 14
4801 330 16
8593 750 13
9013 690 14
157 480 16
7753 120 12
10531 240 13
8359 120 12
6229 330 12
4033 480 15
271 870 15
6649 330 14
18157 120 14
13 780 13
7147 330 12
9667 690 12
7759 330 15
3607 870 12
8161 330 12
8719 810 14
97 990 12
9187 330 16
11761 480 13
8863 720 12
607 990 14
37 1110 13
9127 870 12
10171 810 13
4711 1260 13
151 900 12
811 990 14
853 990 12
3433 900 15
10129 330 15
3637 900 16
4237 990 12
10513 330 12
43 1290 13
10819 330 13
11071 330 14
5641 900 12
14107 330 12
6241 990 13
6379 990 14
1843 840 15
8329 990 12
7723 1110 12
277 1320 12
19 1140 13
8839 990 12
4291 840 13
643 1170 13
967 1020 12
31 930 13
3319 1410 12
6619 1020 14
367 1320 13
5887 1170 13
7069 1020 13
7207 1020 13
703 1320 12
511 1050 14
49 1470 13
15817 330 13
2611 1200 14
151 360 12
1393 1470 13
193 960 12
4867 1050 14
973 1320 12
1093 1320 12
2863 960 14
547 1080 13
2119 1320 14
7147 960 12
6181 1200 12
379 1650 12
2689 360 14
3007 1470 12
793 1650 12
25 1500 13
1327 1650 12
1429 1650 12
2401 1320 12
223 1530 13
301 1530 13
4567 1320 12
613 1530 13
691 1530 13
5179 1320 12
871 1530 13
12493 360 12
15031 360 13
