# N=505021834.125
252316027 129030 31
466051 645150 31
176022793 661980 31
402956707 1441770 30
41645707 1464210 30
198822727 2429130 30
20312053 2671680 30
67558633 2709630 30
219830911 2709630 35
503137 2928420 30
20606749 2928420 30
118102003 3063390 30
233775811 3416490 30
249799327 3618450 31
1276663 3741870 30
41097307 3741870 30
44011741 3741870 31
199373287 3741870 31
293385319 3741870 30
358004947 3741870 33
35638249 3856710 30
4088257 4392630 30
3262357 4516050 31
1185619 4645080 30
154534693 4708440 30
341838841 4830210 30
333601111 5009400 30
300179221 5290230 30
46081219 5426850 32
95618329 5935380 33
23043013 6507600 30
11404177 7130310 31
59958559 7208850 30
129801043 7282770 31
53461621 7393980 30
10435699 7483740 31
70590601 7483740 30
57536689 7646430 30
85870567 8134500 31
33378289 8297190 30
6058663 8386950 31
203648437 8386950 32
133345111 8538420 34
136656643 9016920 30
73673431 9374310 33
40230793 9397740 31
32156413 10002630 30
60193603 11225610 31
136628401 11225610 30
149910313 11225610 30
111875089 11259270 32
145462201 11932470 31
8854969 12257850 31
39828901 13093740 31
17594173 13161060 31
113805031 13177890 30
95639491 13469610 30
62733391 14200890 31
12874819 14754300 33
11954509 15612630 30
11651275 16128750 31
7818667 16257780 30
24659359 16288140 30
