# N=227812.5
19123 60 18
18979 510 18
2341 630 19
133861 420 18
82141 510 18
189877 420 18
30271 990 20
47869 1110 19
137041 990 25
145111 1110 21
21469 1350 21
38959 1170 18
15979 1650 18
91621 1530 18
43327 1320 21
101953 1650 18
165691 1650 19
86653 2070 18
10147 2310 18
1777 1980 18
186349 1560 18
72631 2550 18
136783 1980 19
16069 2700 18
7501 2970 20
35809 3300 19
138799 3630 18
132853 3570 18
161107 3570 19
12841 3810 19
144577 3840 18
7219 4590 19
10849 4590 20
60943 4590 20
811 4050 18
16387 4410 19
94933 3960 18
138817 4290 21
3889 4440 18
13009 5100 19
307 5610 21
571 5610 18
5443 5610 19
11929 5610 19
32629 5610 19
36583 5610 18
38287 5610 19
44641 5610 18
46021 5610 18
67039 5610 18
74311 5610 22
75781 5610 20
80659 5610 19
99787 5610 18
58441 6270 19
7873 6630 18
52081 6420 20
82939 6630 18
57571 6120 18
11617 6870 19
373 6930 19
48859 7260 18
57451 7590 20
30433 8190 19
739 8580 18
42001 7920 19
8293 8910 19
15331 8280 19
4261 9570 19
51859 9240 20
1801 9900 20
2143 9900 18
5509 10560 18
307 11220 20
3001 11220 19
47593 10560 18
18817 11220 18
32767 11220 18
