# N=44336622.375
24384799 990 26
30027319 33000 26
270961 56100 27
3155569 75900 26
6313183 75900 27
42769 71280 26
34887649 67320 26
28328197 91080 27
4148359 106260 27
24908299 113850 26
2235271 129030 28
25282843 121440 26
8115871 129030 27
16832449 134640 26
2860771 155100 26
11387941 181500 26
2826031 179520 27
1042093 220110 27
4812481 258060 26
15011143 258060 27
23564113 258060 27
32064883 258060 26
1972807 280500 27
6632233 342210 26
29738689 342210 26
17641039 349470 26
982591 371250 27
17843737 364320 26
7310869 387090 28
7648603 387090 26
15306811 387090 28
17313811 387090 27
27970339 381480 26
1896727 392700 27
23167339 392700 26
8873431 406890 27
8860993 398310 26
13927543 409860 26
30722479 432630 26
24560953 443190 26
503491 460020 28
18462613 460020 27
299383 498960 26
30613057 507210 26
5870641 516450 26
5200939 516120 26
5519497 516120 27
20493553 516120 28
22088983 531300 26
3720373 563640 26
10859281 592020 26
11358529 605880 28
5540221 624690 26
466051 645150 31
1058371 645150 27
11673763 645150 26
25691503 645150 28
1577647 650760 26
9318667 675510 26
5168539 706860 26
12035383 713460 26
6491731 712470 26
11351407 721050 26
14089843 723690 27
3522493 729300 27
11536663 762960 26
4428301 765600 26
649633 774180 28
15945211 774180 26
16619461 774180 26
17286751 779790 28
18340969 791010 28
3062929 827310 26
8258911 830280 26
19099063 835890 26
3245527 852720 27
7830049 872520 26
20644003 878460 26
14475511 891990 27
6943417 903210 28
15646897 903210 28
555997 926640 26
751507 948090 26
6909127 954030 26
6566827 976140 26
17183587 976140 28
5769337 985710 26
18985849 1010460 26
7499167 1032240 26
12426673 1032240 26
14457079 1032240 27
5148259 1065900 27
4207867 1071510 26
1075771 1125960 26
738679 1130910 26
1152013 1161270 26
2979793 1161270 26
4333957 1161270 26
4511257 1183710 27
7375843 1199220 26
8353777 1206810 26
1076263 1254330 26
682147 1290300 26
8201467 1290300 27
11395843 1301520 26
8494051 1320660 26
922033 1329570 28
119491 1323960 26
812611 1354320 26
3472207 1380060 26
6575341 1384020 27
6774025 1402500 27
2263201 1419330 26
3992779 1438140 28
5978581 1495230 26
2037097 1548360 26
87799 1640430 27
