# N=20000
1 6 9
13 78 9
601 6 8
1 30 13
13 30 8
19 30 10
1213 78 8
217 30 10
109 54 9
1651 6 9
1009 54 8
349 30 10
2251 6 9
2809 54 9
5407 6 8
6913 78 9
481 30 10
7813 78 8
613 30 10
7609 54 8
727 30 15
7201 6 8
1141 30 9
7651 6 9
1339 30 10
7963 54 8
8707 6 8
1471 30 8
12451 6 8
1663 30 8
13657 6 8
1933 30 8
15307 6 8
2089 30 8
2131 30 10
16051 6 8
12463 78 8
2857 30 9
17551 6 9
16663 78 8
2989 30 10
8863 54 8
19201 6 9
289 84 9
3181 30 8
3379 30 8
277 12 9
3481 30 12
3517 30 10
1939 12 8
13759 54 8
1939 84 9
15859 54 8
3739 84 8
18259 54 9
3847 30 9
1 60 13
37 60 8
43 60 9
49 60 10
4417 30 10
4477 12 8
5113 30 8
511 60 10
6877 12 9
709 60 8
727 60 8
10627 12 9
5431 30 8
5629 30 9
973 60 9
5827 30 10
11827 12 9
6091 30 10
1369 60 9
1423 60 8
17689 12 8
1693 60 8
6877 30 8
5239 84 8
103 18 9
271 18 8
6889 84 9
6949 30 10
553 18 8
703 18 9
1831 60 10
1897 60 10
7213 30 8
3019 60 10
3073 60 8
3703 18 9
13339 84 9
13573 84 8
4003 18 8
3511 60 15
3547 60 10
8521 18 8
14923 84 8
15253 18 8
8527 30 8
16003 18 9
8683 30 16
4177 60 9
9253 30 8
9529 30 9
4591 60 8
16771 18 8
9721 30 10
16903 18 9
10213 30 9
15139 84 9
5143 60 12
16573 84 8
79 24 9
5449 60 9
5461 60 9
5527 60 10
1429 24 9
10249 30 8
6121 60 8
1579 24 8
1729 24 8
10903 30 8
2953 24 8
11137 30 9
4129 24 8
11437 30 9
6649 60 10
11701 30 10
13 90 10
61 90 8
79 90 8
277 90 10
343 90 10
12097 30 9
7243 60 10
12313 30 11
13129 24 8
12391 30 8
12427 30 8
19579 24 8
409 90 9
19 102 8
7321 60 8
12823 30 10
619 102 8
7687 60 11
7693 60 8
13069 30 10
817 102 8
8101 60 10
13477 30 8
13813 30 8
1267 102 9
14341 30 11
2269 102 8
14503 30 8
3067 102 8
15199 30 10
3967 102 9
15463 30 8
8299 60 10
5317 102 9
16981 30 8
17209 30 9
5767 102 8
6067 102 9
18433 30 8
6367 102 8
787 90 8
1033 90 17
1069 90 10
9667 102 8
1201 90 8
12169 102 8
18829 30 9
1399 90 16
31 36 8
12769 102 8
2017 90 8
2257 90 10
817 36 8
2983 90 10
3031 90 9
3049 90 9
14119 102 8
2467 36 8
8563 60 10
8713 60 8
9091 60 8
9157 60 8
2881 36 9
4153 90 8
8017 36 8
14317 102 9
9067 36 8
17317 102 9
10831 36 9
18967 102 9
9751 60 9
14281 36 8
10213 60 10
643 108 8
15331 36 9
4459 90 9
4501 90 8
1351 108 8
4933 90 13
1543 108 8
15967 36 8
2143 108 9
18181 36 8
11059 60 8
8293 108 9
7 42 9
11137 60 11
907 42 8
12457 60 8
12853 60 9
9601 108 8
13117 60 10
10393 108 9
2257 42 9
14161 60 10
4207 42 8
5341 90 8
11251 108 8
9349 42 8
17143 108 8
14767 60 12
9907 42 9
6529 90 8
6679 90 10
11557 42 9
19 114 9
169 114 8
7141 90 10
15757 42 9
7927 90 13
133 48 8
283 48 8
433 48 9
631 48 8
14953 60 8
8329 90 10
8641 90 8
2083 114 8
10069 90 9
5119 114 9
1333 48 8
9769 114 8
3583 48 9
10507 90 10
10531 90 9
11419 114 8
15559 60 9
5233 48 8
11719 114 8
5833 48 9
16213 60 9
1 120 9
7 120 10
19 120 8
43 120 8
109 120 9
10903 90 8
613 120 13
17209 60 10
769 120 10
1021 120 9
7033 48 9
1957 120 10
2023 120 9
8581 48 8
11197 90 8
2353 120 10
2539 120 9
13831 48 8
2881 120 8
17791 60 9
721 126 9
3271 120 10
1321 126 8
18199 60 10
18397 60 9
1897 126 8
3607 120 10
3871 126 8
4441 120 8
19123 60 15
4921 126 9
12073 90 8
12157 90 10
5197 126 8
4663 120 10
4729 120 11
4837 120 8
19321 60 10
11071 126 8
12289 90 12
12421 90 8
12799 90 8
13897 126 8
5203 120 11
211 66 9
5851 120 9
16021 126 9
511 66 9
661 66 8
17797 126 8
1261 66 9
1477 66 8
1561 66 9
18997 126 8
6631 120 9
6841 120 8
14071 90 9
247 132 9
14281 90 10
14557 90 10
1297 132 9
7687 120 9
1897 132 9
7753 120 12
2947 132 9
2527 66 8
8359 120 12
4027 66 8
8557 120 9
14953 90 9
3379 132 8
9151 120 10
15373 90 13
11119 120 8
6397 132 8
4561 66 9
11461 120 10
8029 132 8
5011 66 8
8047 132 9
6577 66 8
9079 132 8
12343 120 8
16189 90 9
12979 120 8
9997 132 9
13483 120 8
13681 120 9
16381 90 10
14011 120 8
14077 120 8
14167 120 11
7411 66 8
11647 132 9
14221 120 8
8161 66 9
8311 66 9
14827 120 10
11677 66 8
15199 120 8
13897 132 9
12961 66 8
15097 132 8
15247 132 8
16411 120 8
15277 66 8
17137 120 10
16777 66 8
18157 120 14
16627 90 8
16891 90 8
18961 120 8
19003 120 9
17329 132 8
18811 66 8
7 150 8
25 150 9
259 72 8
73 150 14
109 150 8
121 150 11
337 150 8
487 72 9
18697 132 9
847 150 8
949 150 11
1129 150 8
2809 72 8
3037 72 9
1231 150 8
61 138 8
1393 150 10
4087 72 9
2071 150 9
17569 90 10
17593 90 9
2317 150 10
2683 150 8
4987 72 9
1723 138 8
18091 90 9
2023 138 8
18637 90 13
2473 138 9
18823 90 9
6673 138 8
5737 72 8
2731 150 9
11737 72 9
3193 150 8
3307 150 10
8773 138 8
541 96 8
14923 138 8
3577 150 8
3703 150 11
18223 138 8
229 174 9
4051 150 8
949 144 8
4363 150 9
1849 144 9
4927 150 8
4957 150 8
2743 144 8
529 174 8
2191 96 8
3499 144 9
1153 174 8
5179 150 14
2791 96 9
6349 144 9
2503 174 8
8641 96 9
6559 150 9
6907 150 9
12391 96 9
9043 144 8
14341 96 8
7861 150 8
7879 150 9
14641 96 9
8683 150 10
15787 96 8
11449 144 9
133 198 8
181 198 8
283 198 9
9247 150 10
9409 150 9
1483 198 9
9643 150 10
16699 144 9
4129 174 9
10171 150 8
3433 198 8
10687 150 15
17449 144 8
5329 174 8
11689 150 9
9403 174 8
11953 150 9
12163 150 8
12169 150 8
10279 174 8
18493 144 8
3733 198 9
37 222 9
5233 198 8
12679 150 10
5383 198 9
409 222 8
11053 174 8
13273 150 8
787 222 8
13933 150 9
14197 150 8
5683 198 9
3709 222 8
14503 174 8
6637 222 8
19 180 9
37 180 10
67 180 8
14341 150 9
6937 222 9
121 180 10
169 180 10
367 180 10
8287 222 8
673 180 13
14923 150 8
877 180 9
961 180 9
1123 180 8
15025 150 8
15319 150 11
6283 198 9
6433 198 9
10309 222 8
16081 150 8
1291 180 9
1399 180 8
1489 180 8
613 228 9
16657 150 9
1621 180 10
17827 150 8
1999 180 9
2083 180 10
1663 228 8
9433 198 8
607 156 8
2113 228 9
2851 156 9
10033 198 9
3313 228 8
3601 156 9
2509 180 8
2671 180 10
2677 180 8
5263 228 9
4243 180 9
4327 180 10
7951 156 9
7957 156 8
4753 180 8
4987 180 10
5119 180 9
14641 228 8
5581 180 8
18313 228 8
12481 198 8
223 234 8
10507 156 8
1339 234 9
12601 156 8
6289 180 8
3073 234 8
6703 180 8
3523 234 8
7033 180 9
7201 180 12
3589 234 9
7459 180 8
3889 234 9
12883 198 8
12931 198 8
7189 234 8
14233 198 9
14533 198 8
7489 234 8
14833 198 9
8539 234 8
17233 198 9
9139 234 9
17983 198 8
17701 156 9
859 204 8
14089 234 8
1459 204 8
49 240 8
127 240 8
2209 204 8
133 240 10
1339 162 8
2509 204 8
823 240 10
3109 204 8
3877 162 9
4159 204 9
5527 162 9
4909 204 9
907 240 8
7747 180 9
1039 240 8
8713 180 8
8731 180 9
10039 162 8
10177 162 8
1351 240 13
1417 240 8
11239 162 8
9241 180 8
9559 180 8
17077 162 9
10069 180 8
18727 162 8
1483 240 8
11059 180 8
121 168 8
11701 180 8
11749 180 9
421 168 8
553 168 9
1549 240 10
2353 168 9
7459 204 9
7609 204 9
7621 168 8
12247 180 10
10003 168 9
8509 204 9
2473 240 8
10753 168 9
11053 168 8
12889 180 8
2821 240 8
2977 240 8
14647 180 15
14653 180 12
14887 180 8
3529 240 12
3727 240 10
3793 240 8
15877 180 10
4003 240 13
12103 168 8
16339 180 8
5461 240 15
5527 240 8
17029 180 8
6829 240 9
991 246 8
17659 180 8
17911 180 10
6961 240 8
1687 246 8
7027 240 8
3187 246 8
7243 240 8
10159 204 9
6241 246 9
18097 180 10
18319 180 10
7741 246 9
11359 204 8
7771 240 8
18463 180 9
8281 240 9
13063 204 8
8389 240 9
31 186 9
8479 240 10
1681 186 9
11041 246 9
13459 204 9
8941 240 9
17359 204 9
14491 246 9
1 210 10
10531 240 13
17491 246 8
11449 240 8
18187 246 8
7 210 13
13 210 9
79 210 9
19 252 8
217 252 8
12241 240 11
91 210 8
121 210 11
133 210 10
199 210 13
12463 240 10
2617 186 8
13189 240 8
3067 252 8
13687 240 9
8731 186 8
4519 252 8
14551 240 9
5719 252 8
11131 186 9
14947 240 8
12781 186 9
8017 252 9
15013 240 8
12319 252 8
397 210 10
15937 240 10
14869 252 8
16549 240 8
15817 252 8
529 210 9
18049 240 9
17269 252 8
1453 210 10
1519 210 10
43 258 9
18277 240 8
751 258 8
18313 240 8
17467 186 8
1693 258 9
2137 210 8
2257 210 9
2269 210 8
2443 210 10
2743 258 8
67 270 8
73 270 8
18631 186 8
523 270 10
589 270 10
661 270 9
4801 258 8
721 270 9
763 270 14
49 192 8
307 192 9
15493 258 9
2971 210 10
3049 210 9
19 264 9
853 270 8
3367 210 10
1981 270 8
2107 270 8
469 264 8
3499 210 9
3211 270 8
3229 270 8
769 264 9
3757 270 9
1483 264 8
3889 270 8
2257 192 9
3019 264 9
3007 192 8
4351 270 8
8557 192 9
3319 264 9
4663 270 9
3469 264 9
11257 192 8
5011 270 8
4291 210 10
6169 264 9
12457 192 9
5143 270 10
6769 264 8
5209 270 10
5341 270 10
4783 210 8
5491 270 15
7219 264 9
14407 192 8
6067 270 9
49 294 9
6271 270 9
5089 210 15
5227 210 9
5239 210 8
6871 270 8
1399 294 9
9733 264 8
1849 294 9
10933 264 8
11119 264 8
6937 270 8
5611 210 8
11419 264 9
7393 270 8
5941 210 9
16519 264 9
7519 270 10
7459 210 12
7471 210 9
7537 210 9
7657 270 9
7987 210 9
8509 270 8
8641 270 10
17233 264 8
9289 270 11
3049 294 8
9763 270 9
3643 294 8
9841 270 8
9001 210 8
1153 318 9
9373 210 10
9961 270 8
2221 318 8
10297 210 8
3703 318 9
10657 270 9
10687 270 8
4453 318 9
10627 210 10
10693 210 10
5653 318 9
4999 294 9
11347 270 9
8203 318 8
11641 210 8
11749 210 9
8953 318 9
11677 270 8
11839 270 11
6349 294 8
6499 294 8
12073 270 10
11503 318 8
12559 210 8
12799 270 10
12553 318 9
12931 270 10
16003 318 8
10699 294 9
1429 324 9
12961 210 12
13327 270 8
3679 324 9
14287 270 12
14383 270 8
14527 270 8
4729 324 9
14929 270 8
13267 210 9
5203 324 8
15373 270 8
5929 324 9
15553 270 13
8029 324 9
17419 270 9
17557 270 9
17617 270 9
11299 294 8
18103 270 8
15349 294 9
121 276 8
13531 210 8
871 276 9
12379 324 8
1321 276 9
14029 324 8
13663 210 10
2197 276 8
14629 324 8
14071 210 9
2371 276 9
1 330 12
31 330 13
49 330 10
73 330 9
103 330 10
127 330 10
133 330 8
157 330 9
211 330 11
301 330 8
307 330 9
14623 210 8
14917 210 10
14929 210 8
823 330 15
3271 276 9
997 330 13
3721 276 9
1129 330 16
5821 276 9
15799 294 9
11971 276 8
12421 276 9
1231 330 10
1273 330 10
14521 276 9
14983 210 9
1297 282 8
1741 330 11
1867 330 11
17443 294 8
2797 282 9
2947 282 9
1963 330 11
2041 330 11
2239 330 8
16963 210 9
4429 282 8
4447 282 9
2377 330 8
31 300 8
61 300 8
2503 330 12
2557 330 11
18157 210 8
6079 282 8
487 300 10
553 300 10
751 300 8
3169 330 15
3259 330 8
3343 330 9
1561 216 8
3667 330 8
11179 282 8
2161 216 9
3781 330 16
6277 216 8
6361 216 9
14347 282 9
14497 282 8
4171 330 11
11311 216 8
4519 330 11
4597 330 9
16411 216 8
4801 330 16
61 288 8
157 342 8
5047 330 10
523 288 8
883 300 10
949 300 8
6373 288 9
1279 300 9
10111 288 8
2071 300 8
2209 300 8
10723 288 9
3457 300 9
3523 300 10
3703 300 8
3727 300 8
11161 288 8
3919 300 8
5227 330 11
1657 342 8
1699 342 8
5413 330 9
1957 342 9
13873 288 9
6229 330 12
6379 330 8
5041 300 10
5077 300 9
6649 330 14
17923 288 8
5281 300 9
7147 330 12
7273 330 8
2707 342 9
7621 330 9
5437 300 8
5569 300 10
7759 330 15
7783 330 11
7963 330 8
61 366 9
361 366 8
5149 342 8
8161 330 12
10507 342 8
8713 330 10
2077 366 8
13357 342 9
4711 366 9
9001 330 11
2683 348 8
2881 348 8
9181 330 9
6199 300 9
9187 330 16
6559 300 9
6607 300 9
6763 300 8
9277 330 8
3433 348 9
15361 366 9
9967 330 9
16627 366 8
5833 348 9
5881 348 8
1087 372 8
6925 300 9
4537 372 8
10129 330 15
5659 372 8
7333 348 9
10513 330 12
10633 348 9
10819 330 13
10891 330 9
11071 330 14
11113 330 8
8587 372 9
11131 348 8
9187 372 9
12433 348 9
10609 372 8
12523 330 8
11737 372 9
13003 330 10
12037 372 9
13081 330 11
7321 300 9
7417 300 10
17209 372 8
8011 300 8
763 378 9
14083 348 8
13471 330 9
13693 330 11
8443 300 9
8539 300 10
8833 300 8
2413 378 9
14233 348 8
14107 330 12
1609 354 9
14593 330 10
14947 330 9
9667 300 8
10363 300 10
4441 378 8
6709 354 8
15001 330 8
15073 330 11
15091 330 8
15229 330 8
5413 378 8
15817 330 13
7063 378 8
10453 300 10
10687 300 8
10789 300 9
16657 330 8
9409 354 9
16909 330 8
17263 330 9
11809 354 9
17299 330 9
15013 354 8
11581 300 8
14491 378 8
16909 354 9
889 384 8
931 336 8
13033 300 8
1681 336 8
13423 300 9
1489 384 9
13441 300 10
1573 384 8
1981 336 8
13921 300 9
13951 300 8
3739 384 9
15139 300 10
15277 300 8
3031 336 9
6973 384 8
4417 336 8
8689 384 9
16129 300 10
16459 300 9
16561 300 9
16657 300 8
16189 384 8
17581 300 8
17587 300 8
17623 300 8
8581 336 8
13 390 13
169 390 8
247 390 10
17713 300 8
643 390 8
9331 336 8
709 390 10
49 360 8
841 390 8
10231 336 9
151 360 12
211 360 8
313 360 9
343 360 8
349 360 10
16981 336 8
157 306 8
601 306 9
757 306 8
1303 390 11
1351 306 8
19 414 9
1747 390 13
1831 390 10
1897 390 8
547 360 8
2359 390 10
733 414 8
1801 306 9
2617 390 9
2269 414 9
9157 306 8
2821 390 10
2953 390 9
9601 306 9
5419 414 9
5569 414 8
3481 390 8
811 360 10
877 360 9
1009 360 10
3739 390 9
1579 360 11
4537 390 10
8869 414 9
8983 414 8
5059 390 9
5263 390 8
11851 306 9
10519 414 9
10633 414 8
1993 360 8
15319 414 9
5857 390 8
13051 306 8
6253 390 10
15607 306 8
6709 390 9
15619 414 8
7969 390 10
2689 360 14
16819 414 8
8227 390 16
3517 360 9
3709 360 8
7 420 13
121 420 9
169 420 9
193 420 8
199 420 9
259 420 8
301 420 9
313 420 12
343 420 10
4243 360 8
4339 360 9
4477 360 10
2239 420 8
4903 360 9
8431 390 10
2479 420 9
17851 306 8
8959 390 8
1027 312 9
9451 390 15
2677 312 9
10993 390 8
3181 420 11
3331 420 10
3361 420 8
5761 360 10
5857 360 9
3577 420 10
11059 390 8
6421 360 8
4261 420 9
4303 420 9
11263 390 9
4477 312 9
12049 390 8
8089 312 8
12511 390 8
9277 312 9
4813 420 8
4963 420 8
10927 312 9
12919 390 16
16339 312 8
5089 420 8
73 438 9
5449 420 8
7609 360 8
13051 390 10
7747 360 11
14833 390 9
14959 390 8
5779 420 10
5821 420 10
3661 438 8
15361 390 9
15427 390 8
6481 420 10
6211 438 8
15889 390 10
10273 438 8
6811 420 9
16741 390 9
16879 390 9
7363 420 9
10723 438 8
8971 420 8
16861 438 8
9517 420 10
9583 420 9
1999 444 9
2299 444 9
9781 420 8
9961 420 8
8203 360 10
10243 420 10
8731 360 8
17011 390 8
17101 390 8
10639 420 10
8929 360 10
10903 420 8
17263 390 8
4999 444 8
37 396 8
91 396 9
6493 444 8
691 396 8
11851 420 8
787 396 8
9391 360 9
9421 360 9
12817 420 10
9343 444 8
13267 420 14
13279 420 10
9583 360 11
13723 420 8
1591 396 9
14797 420 12
14887 420 8
2191 396 8
15877 420 9
9787 360 8
16843 420 8
10249 360 9
4537 396 8
4591 396 9
247 426 8
5341 396 9
5821 426 8
6121 426 9
10249 444 9
10399 444 9
9121 426 8
15199 444 8
5491 396 9
10771 360 8
5941 396 9
11167 360 8
11173 360 8
11377 360 8
7891 396 9
16321 426 9
8341 396 8
12493 360 12
12553 360 8
8491 396 8
31 450 9
49 450 8
97 432 8
229 432 8
12841 396 9
151 450 13
223 450 14
14941 396 9
13153 360 10
67 402 9
367 402 9
13567 360 11
397 450 10
439 450 10
2317 402 8
5929 432 8
5947 432 9
14011 360 10
4219 402 8
1759 450 8
7747 432 8
7879 432 8
2089 450 10
5869 402 8
16297 432 9
7069 402 8
14833 360 9
9769 402 8
15031 360 13
1327 462 9
1477 462 9
15967 402 9
2389 462 8
16051 360 8
16057 360 8
3577 462 9
2353 450 10
2575 450 9
2617 450 9
2683 450 10
4177 462 9
343 408 9
16519 360 10
16981 360 9
4627 462 8
2443 408 9
6427 462 8
367 486 8
3343 408 9
6577 462 9
631 486 9
3643 408 9
8827 462 9
2857 450 8
2881 450 9
4093 408 9
10339 462 8
6793 408 8
10927 462 9
1567 486 8
8593 408 8
11377 462 9
2281 486 9
12427 462 8
3187 450 8
13627 462 8
3031 486 8
9043 408 9
3541 450 10
3577 450 9
3727 450 8
1 510 8
37 510 8
4849 450 8
13927 462 9
6217 486 8
14677 462 9
5719 450 10
5761 450 8
5983 450 10
121 510 10
151 510 9
403 468 8
6709 450 9
6775 450 8
6859 450 12
259 510 10
301 510 10
853 468 9
7231 486 9
2653 468 9
349 510 9
9781 486 9
6961 450 8
481 510 9
499 510 10
7207 450 8
10621 468 8
763 510 8
11731 486 9
1093 510 10
11353 468 9
1159 510 10
7543 450 8
7621 450 9
1453 510 8
1489 510 10
8227 450 10
1867 510 9
14581 486 8
2017 510 10
79 474 9
2221 510 11
3379 474 8
2413 510 9
5929 474 9
8797 450 8
2971 510 8
3007 510 9
6229 474 8
3073 510 8
10777 450 8
10987 450 8
8329 474 8
49 492 8
3667 510 9
16129 474 8
349 492 8
3847 510 9
109 480 8
3931 510 10
11329 450 10
157 480 16
241 480 8
4129 510 10
871 480 9
997 480 10
1063 480 10
1129 480 11
1147 480 9
4309 510 9
1279 480 9
1393 480 9
607 492 8
4489 510 8
4591 510 8
2251 480 10
2299 480 11
1699 492 8
4723 510 10
11923 450 10
4831 510 11
4507 492 9
2383 480 10
12451 450 9
12517 450 8
3523 480 9
3607 480 8
3769 480 10
5119 510 10
5299 492 8
5779 510 10
5977 510 8
6007 510 8
13825 450 8
14089 450 9
6223 510 9
15331 450 8
6403 510 8
6499 510 8
4033 480 15
6571 510 10
6703 510 8
4597 480 8
6901 510 10
4627 480 9
7297 510 10
5257 480 8
5323 480 8
7441 510 8
6949 492 8
7207 492 8
7561 510 9
8107 492 9
5461 480 8
8419 510 8
5767 480 9
6079 480 10
15661 450 8
9409 510 8
9457 510 9
7267 480 8
9769 510 8
7333 480 10
7483 480 9
15883 450 10
8107 480 11
9871 510 10
16213 450 9
16477 450 8
10003 510 10
10033 510 8
8737 480 9
1501 456 9
10423 510 12
8983 480 9
11257 510 9
9337 480 11
11617 510 8
14107 492 9
11719 510 9
11881 510 8
10051 480 8
3601 456 8
10369 480 10
10633 480 8
10717 480 9
4201 456 8
12181 510 8
11761 480 13
31 498 8
12493 510 9
13111 480 8
13213 480 9
13339 480 8
13897 510 12
14011 510 9
13687 480 8
1033 498 8
14131 510 12
6451 456 9
13999 480 10
14491 510 10
15253 480 10
15337 480 9
14557 510 9
3031 498 8
1801 558 8
14563 510 9
3193 558 9
589 534 9
14869 510 9
3373 534 8
15217 510 8
6073 534 8
16009 510 8
6889 534 9
16273 510 8
8401 558 8
4783 498 8
4933 498 9
11851 558 8
7039 534 9
1627 516 8
2383 564 8
4111 516 8
5869 564 9
4477 516 8
8269 564 9
9433 498 9
5011 516 9
8389 534 8
7411 516 8
9133 564 8
10423 534 8
9319 564 9
11011 516 9
9733 564 8
11911 516 9
13819 564 8
133 540 10
223 540 8
19 570 13
121 570 9
247 570 8
313 570 8
361 570 10
13177 516 8
469 570 8
397 540 8
511 540 9
529 540 9
859 540 10
1033 540 8
1057 540 10
1123 540 10
1021 570 10
16111 516 8
1237 570 8
937 522 9
1573 570 11
1747 570 8
1813 570 9
1879 570 8
1543 540 8
1651 540 9
2671 570 9
1687 522 8
2467 540 8
2641 540 10
3727 570 9
3793 570 10
3367 540 10
4057 570 10
4123 570 10
6709 522 8
12433 498 9
7237 522 8
4687 570 10
9937 522 8
5929 570 8
5971 570 9
3583 540 11
13687 522 9
13033 498 8
16009 522 8
6037 570 13
91 528 8
241 528 8
313 528 9
4501 540 9
613 528 9
4621 540 10
4951 540 10
1063 528 8
5347 540 9
1213 528 9
6271 540 8
2113 528 9
6733 540 10
6241 570 9
2863 528 9
6631 570 10
6829 570 10
4591 528 8
14281 498 8
7489 570 12
7663 570 8
15781 498 8
5413 528 8
16333 498 8
6163 528 8
7129 540 10
7693 570 10
6991 528 8
7141 528 8
9139 570 10
8713 528 8
9337 570 9
559 504 9
97 582 9
229 582 8
9931 570 10
847 582 9
10039 570 9
10261 570 10
2197 582 8
7459 540 10
7723 540 10
7987 540 9
11161 570 9
11317 570 10
1813 504 8
2209 504 9
11647 570 10
6247 582 9
6379 582 8
12967 570 8
8659 540 9
8929 582 8
9037 540 11
9529 540 8
9847 582 9
10231 540 10
13627 570 10
13711 570 9
13813 570 11
3409 504 9
223 588 9
7309 504 8
673 588 9
10453 540 8
10519 540 8
13933 570 9
14131 570 9
10957 540 10
14461 570 8
2023 588 9
11221 540 10
14749 570 10
8761 588 8
11947 540 10
421 576 8
721 576 9
11461 588 8
2347 576 8
13573 588 9
13711 588 8
3271 576 9
49 594 9
193 594 8
4771 576 8
949 594 9
13291 540 8
11947 576 8
1099 594 9
14599 540 9
1849 594 8
9313 504 8
4243 594 8
4549 594 8
13597 576 8
4993 594 8
14521 576 8
5449 594 9
91 630 10
229 630 8
289 630 9
2401 606 8
6799 594 9
2707 606 8
11149 594 9
427 630 8
553 630 8
15013 540 9
15199 540 8
15259 540 9
14143 594 8
3301 606 8
1327 630 10
15799 594 8
1741 630 10
1807 630 8
1 600 9
73 600 8
139 600 8
1939 630 10
4051 606 8
4351 606 9
397 600 9
7501 606 8
2341 630 19
2401 630 10
457 600 10
499 600 9
2863 630 9
853 600 10
16129 540 8
3523 630 9
91 546 9
919 600 9
5509 630 8
8101 606 8
8407 606 8
1975 600 9
5767 630 8
2437 600 9
6163 630 8
337 546 8
6529 630 8
2767 600 8
7231 630 17
439 612 8
7483 630 10
3031 600 8
4891 546 8
8407 630 8
1477 612 9
9793 630 16
3751 600 8
2527 612 9
3889 600 10
5041 546 9
4219 600 8
10357 630 8
4363 600 8
11311 630 8
3439 612 8
4561 600 8
10039 612 8
5011 600 9
10627 612 9
5407 600 8
8491 546 8
8587 546 8
11647 630 8
11773 630 8
11833 630 8
11689 612 8
12433 630 8
5737 600 8
11491 546 9
11791 546 8
13297 630 8
13381 630 11
13339 612 8
7267 600 8
14083 630 10
14119 630 8
14149 630 10
8047 600 8
15403 630 8
14527 612 9
481 636 9
8311 600 10
3067 636 8
103 618 9
4231 636 9
12637 546 8
8581 600 9
8719 600 8
6631 636 9
853 618 8
8773 600 10
13867 636 8
9049 600 8
457 642 8
499 642 8
10789 600 8
1999 642 8
11041 600 9
4507 642 9
1621 618 8
11677 600 10
5803 618 8
5953 618 8
7957 642 9
7603 618 9
12469 600 9
8107 642 8
12967 600 11
11749 642 8
2617 552 9
13921 600 10
11953 618 9
14251 600 10
79 624 8
12157 642 9
14383 600 10
2767 552 8
14713 600 9
3517 552 9
31 648 8
15043 600 9
15187 600 8
2881 648 8
1729 624 8
5233 648 8
2953 624 8
6181 648 8
15373 600 8
3679 624 8
10933 648 8
5629 624 9
12781 648 8
9517 552 9
15577 600 8
15619 600 8
14683 648 9
8203 624 8
241 678 8
313 678 9
109 654 9
3241 678 8
1963 654 8
8329 624 8
4363 678 9
8959 654 8
9463 678 9
14269 552 8
14317 552 8
11263 678 8
15967 552 8
31 660 8
61 660 9
73 660 8
109 660 8
163 660 9
169 660 9
97 726 8
121 726 9
211 660 12
12613 678 8
331 660 10
337 660 8
967 702 8
367 660 9
379 660 9
1417 702 9
457 660 16
469 660 9
523 660 9
577 660 11
643 660 9
14563 678 8
397 726 8
571 726 9
1459 660 8
373 684 8
1561 660 16
589 684 8
2671 726 9
1603 660 12
1741 660 8
2239 684 8
1567 702 8
2821 726 9
5689 684 9
5821 726 8
6421 726 9
1849 660 10
7747 726 8
7921 726 9
1867 660 14
2869 702 8
7273 684 8
2023 660 13
4867 702 8
2569 660 8
9271 726 8
3121 660 9
10297 726 8
3433 660 13
19 690 8
121 690 10
193 690 8
217 690 10
277 690 8
301 690 9
373 690 8
379 690 8
10921 726 9
1009 690 10
5419 702 8
3589 660 10
3601 660 8
1339 690 10
1471 690 10
3787 660 9
1603 690 8
1669 690 10
8917 702 9
1933 690 8
1999 690 10
2131 690 10
11821 726 9
2917 690 8
2923 690 10
3907 660 16
3097 690 9
9667 702 8
3847 690 8
3913 690 9
3967 690 8
12247 726 8
4111 690 14
397 732 9
3997 660 12
11119 702 8
4507 690 10
5347 732 8
4831 690 8
4111 660 11
13117 702 8
4309 660 11
6283 690 8
6289 690 9
6487 690 10
4519 660 8
1951 708 8
6553 690 10
8797 732 9
4801 660 8
4243 708 9
5131 660 8
7009 690 8
7081 690 10
7213 690 8
5743 708 8
7507 690 9
7543 690 9
9043 708 8
5377 660 10
7741 690 8
7969 690 8
10693 708 8
5641 660 12
8203 690 9
13147 732 9
5881 660 11
14779 732 8
5947 660 11
9013 690 14
133 714 8
169 714 9
6559 660 9
9457 690 8
6979 660 8
4333 714 8
7099 660 9
9667 690 12
4969 714 8
11239 690 10
11437 690 10
7477 660 12
5719 714 8
7681 660 9
8833 714 8
8869 714 9
9283 714 8
11893 690 8
7783 660 12
7813 660 9
3523 738 8
12769 714 9
12229 690 10
37 720 8
103 720 8
109 720 9
121 720 9
127 720 10
139 720 8
157 720 11
307 720 9
433 720 8
8293 660 10
12487 690 8
8491 660 8
13219 690 10
511 720 10
703 720 8
9043 660 11
9109 660 9
6073 738 8
13711 690 9
13813 690 9
907 720 8
9211 660 15
1171 720 8
9517 660 9
8923 738 9
14341 690 9
10273 738 9
10129 660 13
10159 660 9
10333 660 10
14749 690 8
14869 690 8
12961 738 8
10987 660 11
13411 738 8
11239 660 9
11401 660 10
691 696 8
13873 738 9
1831 720 10
1543 744 8
3991 696 9
2353 720 10
11761 660 11
5437 696 8
2449 744 9
11953 660 9
4249 744 9
12373 660 11
7087 696 8
2887 720 9
3049 720 8
7441 696 9
4009 720 9
4069 720 9
4207 720 10
4603 720 10
4801 720 8
13333 660 11
5527 720 10
13471 660 8
11041 696 8
6517 720 9
14299 660 9
7699 744 8
14851 660 8
14917 660 8
11641 696 9
15127 660 8
14941 696 8
12943 744 8
25 750 13
97 750 9
259 750 8
301 750 9
325 750 8
15319 660 8
475 750 10
499 750 9
541 750 9
631 750 10
703 750 9
361 666 9
1447 750 8
3829 774 8
4129 774 9
4429 774 9
661 666 8
6769 720 8
1663 750 9
1861 750 10
3811 666 9
7573 720 9
1993 750 10
2107 750 9
7891 720 8
8911 666 8
2719 750 9
2809 750 8
2977 750 8
2983 750 10
10027 666 8
4591 750 8
11011 666 9
5293 750 8
8557 720 9
8563 720 10
5425 750 10
8929 774 9
6151 750 8
6217 750 10
10729 774 9
12277 666 8
6859 750 8
14527 666 8
8863 720 12
8893 720 11
8959 720 8
2509 672 8
7141 750 8
3037 672 8
7363 750 8
7471 750 10
9091 720 9
8089 750 9
8179 750 8
3787 672 8
8461 750 9
8593 750 13
8725 750 10
6337 672 8
11653 774 8
8887 672 8
13 780 13
43 780 10
133 798 9
8833 750 11
109 780 10
373 780 8
481 780 8
523 780 10
547 780 8
559 780 9
637 780 10
10177 750 10
9601 720 10
10573 750 9
10729 750 9
1183 798 8
10213 720 10
12025 750 10
2083 798 9
10597 720 8
12379 750 9
12463 750 11
11131 720 9
2833 798 9
12883 750 8
4483 798 9
967 780 10
1099 780 8
13411 750 8
13 804 8
13789 750 8
1609 804 8
2023 780 10
2143 780 8
2221 780 10
2113 804 8
14137 750 8
3673 780 8
3739 780 8
14689 750 8
11323 720 8
6913 804 8
11719 720 8
11749 720 11
8659 804 9
4501 756 8
9559 804 9
6151 756 8
6451 756 8
12379 720 8
12589 720 8
11959 804 8
7807 756 8
73 810 10
259 810 8
373 810 8
14497 720 8
403 810 10
469 810 10
1009 822 8
9457 756 8
571 810 8
751 810 9
7537 822 8
10801 756 8
763 810 11
4639 780 8
4969 780 8
5059 780 9
5149 780 10
5167 780 8
1063 810 10
127 762 9
9187 822 8
2251 810 9
10309 822 8
5377 762 8
11137 822 9
8677 762 8
2731 810 9
541 828 8
691 828 8
3439 810 10
5521 780 10
4231 810 9
403 768 9
721 768 8
4951 810 8
1021 768 8
5851 780 8
6091 780 8
6493 780 8
5341 810 9
2953 768 8
5683 810 10
6871 768 8
6079 810 9
6097 810 9
14221 768 8
6163 810 8
3937 846 8
6607 810 8
1063 828 9
5641 846 9
8341 810 9
8407 810 9
10141 846 9
1741 828 8
8539 810 8
12691 846 8
8719 810 14
8749 810 10
169 852 8
6577 780 10
6643 780 10
8833 810 9
7219 780 9
817 852 8
8107 780 11
8227 780 8
9619 852 8
9463 810 8
8617 780 8
10171 810 13
2341 828 8
11359 810 9
10267 852 8
11593 810 8
11887 810 10
10867 852 9
12517 810 9
13117 852 9
4813 828 9
5041 828 8
13309 810 8
601 858 8
643 858 9
13801 810 8
6163 828 9
211 816 8
1093 858 9
6763 828 8
961 816 9
1351 858 8
1393 858 8
9151 780 10
5011 816 8
8113 828 9
1801 858 8
11113 828 9
1993 858 8
6877 816 8
2743 858 9
8461 816 9
9217 780 8
9451 780 8
9481 780 9
6043 858 9
14011 816 8
6643 858 9
157 870 8
7243 858 9
12463 828 9
199 870 10
7393 858 8
10987 780 8
271 870 15
11329 780 9
11359 780 10
8293 858 8
289 870 8
343 870 9
8593 858 8
11593 780 8
9001 858 8
409 870 9
9643 858 8
463 870 10
559 870 10
607 870 8
139 834 9
10393 858 9
619 870 8
11593 858 9
11743 858 8
1123 870 8
19 864 8
133 864 8
12649 780 9
1981 870 10
1039 834 8
469 864 9
2179 870 10
2569 864 9
2587 870 9
4819 864 9
2797 870 8
6133 864 8
2917 870 8
3439 834 9
7069 864 8
4339 834 9
3469 870 11
13309 780 8
3607 870 12
12469 864 9
631 786 8
13069 864 8
4291 870 9
2899 894 9
5839 834 9
4423 870 10
6223 834 8
4687 870 10
4753 870 8
4831 870 9
3199 894 8
5059 870 8
7573 834 8
6499 894 8
5611 870 10
6793 894 8
1231 786 9
10849 894 8
5953 870 9
2281 786 8
151 900 12
337 900 9
6733 870 10
469 900 9
11089 834 9
673 900 10
3217 786 8
7381 870 9
7381 786 9
775 900 8
841 900 8
847 900 9
877 900 8
8053 870 10
1981 900 9
2119 900 9
2209 900 10
8209 870 8
1 840 8
7 840 9
2803 900 10
2821 900 8
49 840 10
133 840 8
283 840 8
301 840 8
3307 900 9
9127 870 12
3433 900 15
397 840 8
463 840 8
9241 870 8
10531 786 9
3463 900 11
3529 900 9
661 840 10
763 840 9
9847 870 9
9901 870 9
3637 900 16
1783 840 8
5641 900 12
10957 870 8
10867 786 8
11023 870 9
199 792 8
11311 870 10
2107 792 9
11887 870 8
6301 900 8
11971 870 8
6673 900 9
6763 900 9
12343 870 9
12541 870 9
3199 792 8
7819 900 8
8017 900 9
3907 792 9
8191 900 9
4357 792 9
13267 870 8
13399 870 8
1843 840 15
13819 870 8
8629 900 8
4657 792 9
4957 792 8
9751 900 8
271 876 8
10963 900 8
547 876 8
2479 840 10
2659 840 8
11389 900 8
5857 792 8
12967 900 8
13051 900 8
9049 792 8
2797 876 8
11899 792 8
12007 792 8
3571 876 8
13183 900 8
13807 792 8
12547 876 8
151 906 9
307 906 8
5047 882 9
3007 906 8
8047 882 8
103 918 8
703 918 9
11701 906 9
2677 840 9
3007 840 8
3169 840 8
3271 840 10
289 912 8
4291 840 13
8779 882 8
2821 918 8
9247 882 8
2089 912 8
13279 882 8
6271 918 8
361 888 8
10003 918 8
2527 912 8
5233 840 9
5383 840 10
973 888 8
5377 912 8
2923 888 9
10471 918 8
5461 888 8
6577 912 9
5923 888 9
8227 912 9
7411 888 8
12253 918 9
8689 912 8
403 924 8
12523 888 9
6637 840 10
157 942 9
199 942 8
10777 912 8
529 924 9
11989 912 8
829 924 9
2449 942 8
1729 924 9
3907 942 9
7147 840 9
427 966 8
7399 942 8
8089 840 8
4561 966 9
7699 942 8
9211 840 8
8107 942 9
9409 840 9
6961 966 9
10099 840 11
12649 942 8
12061 966 8
1183 948 8
1387 972 8
1687 972 9
3181 948 8
2509 972 8
3733 948 9
2809 972 8
3079 924 9
3253 924 8
3379 924 9
6283 948 9
4687 972 9
10861 840 10
4729 924 8
7759 972 8
5629 924 8
7783 948 9
11323 840 9
9937 972 9
11587 840 9
9433 948 8
163 978 9
1009 954 9
613 978 8
4009 954 9
1891 978 8
6829 924 9
2341 978 8
8779 924 9
9079 924 9
5113 978 8
9829 924 8
7609 954 9
13699 840 8
11959 954 8
12691 978 8
11953 924 8
73 984 8
13279 924 8
12463 954 8
7 990 11
91 960 10
157 960 8
169 960 8
589 984 9
193 960 12
361 960 8
379 960 9
2623 984 8
637 960 10
721 960 9
7 930 8
787 960 9
889 960 8
37 990 9
97 990 12
127 990 11
139 990 11
151 990 9
211 990 8
259 990 9
283 990 9
289 990 10
313 990 9
1147 960 10
463 990 8
487 990 10
3139 984 9
1279 960 10
3739 984 8
529 990 8
541 990 10
559 990 9
577 990 8
607 990 14
631 990 8
691 990 10
733 990 8
739 990 11
751 990 8
4639 984 9
1477 960 10
769 990 10
1543 960 8
811 990 14
841 990 10
853 990 12
973 990 10
9289 984 9
31 930 13
271 930 8
349 930 11
403 930 8
439 930 9
553 930 10
1741 960 10
12589 984 8
1381 990 8
2863 960 14
589 930 10
757 930 10
2869 960 8
793 930 9
871 930 11
3493 960 9
1381 930 10
1447 930 10
4249 960 10
169 1014 9
2647 930 8
4759 960 10
5383 1014 8
3313 990 8
6769 1014 8
3523 990 11
3589 990 8
7819 1014 8
5767 960 8
5839 960 8
4003 990 11
6559 960 8
2701 930 10
2899 930 9
7147 960 12
4237 990 12
9133 1014 8
3691 930 10
3769 930 8
49 1020 9
79 1020 8
181 1020 9
349 1020 10
7417 960 10
409 1020 8
511 1020 8
577 1020 9
607 1020 8
643 1020 9
679 1020 10
4753 990 8
4789 990 8
829 1020 8
847 1020 11
877 1020 9
967 1020 12
5383 990 8
5659 990 9
5707 990 9
7813 960 10
5971 990 8
1603 1020 9
6241 990 13
6361 990 10
6379 990 14
6487 990 9
8113 960 8
4351 930 10
4417 930 8
2197 1020 10
5209 930 10
2791 1020 8
8473 960 8
3481 1020 9
3583 1020 10
6889 990 8
3913 1020 10
6979 990 8
7177 990 11
8941 960 8
5947 930 8
4309 1020 9
6661 930 8
6727 930 10
4999 1020 9
5101 1020 8
5203 1020 8
5233 1020 8
7321 930 8
9841 960 11
7501 990 11
5431 1020 10
5629 1020 9
7993 990 10
8011 990 8
11083 960 8
6289 1020 10
11251 960 8
6487 1020 10
12253 960 9
6517 1020 9
8113 930 9
8179 930 10
6619 1020 14
8329 990 12
7009 1020 8
7069 1020 13
7081 1020 9
7207 1020 13
12373 960 8
8521 990 8
8617 990 8
12763 960 8
9697 930 9
9787 930 8
10309 930 11
7411 1020 8
961 1038 8
10567 930 8
7807 1020 10
4423 1038 8
8299 1020 9
5611 1038 8
10819 930 10
11479 930 9
8863 1020 8
12271 930 8
9457 1020 10
331 936 9
10117 1020 9
8839 990 12
8929 990 8
10447 1020 8
10513 1020 8
10543 1020 8
10573 1020 8
3367 936 8
11893 1020 8
4831 936 9
12559 1020 8
6331 936 9
6481 936 9
12691 1020 8
8623 1038 9
9439 990 9
11023 1038 8
421 1026 9
9967 936 8
11173 1038 9
727 1062 8
2071 1026 9
1843 1044 8
9847 990 11
6499 1044 9
3577 1062 9
7699 1044 9
10459 990 10
10921 1026 8
8293 1044 8
97 1032 9
9649 1044 8
2647 1032 9
11449 1044 9
3397 1032 9
43 1050 9
49 1050 8
175 1050 9
241 1050 9
11053 990 10
11113 990 9
511 1050 14
3889 1062 8
4027 1062 9
571 1050 9
12613 990 8
12697 990 8
13003 990 8
601 1050 10
3547 1032 8
757 1050 9
763 1050 8
787 996 8
847 1050 11
3241 996 8
181 1086 9
217 1086 8
5341 996 9
5491 996 9
2131 1050 10
1453 1068 9
3781 1086 9
11491 996 8
2359 1050 8
7081 1086 9
2071 1068 8
2203 1068 8
8731 1086 9
2683 1050 9
4753 1068 9
4903 1068 8
11167 1086 8
67 1002 8
367 1002 8
457 1092 8
3019 1050 10
3757 1092 9
3469 1050 8
4057 1092 8
9253 1068 9
4153 1050 11
469 1002 8
4327 1050 8
4537 1050 8
4249 1092 8
4867 1050 14
11221 1068 8
5449 1050 8
5581 1050 8
1183 1098 9
5929 1050 8
2917 1002 9
6643 1050 11
2383 1098 9
553 1074 8
703 1074 8
7903 1050 8
3133 1098 8
3283 1098 8
4819 1002 8
8101 1050 8
6469 1002 8
8233 1050 10
4729 1074 8
8617 1050 8
6283 1098 9
7417 1002 8
8629 1050 9
9133 1098 8
8761 1050 10
11419 1002 8
8893 1050 9
859 1104 8
12817 1002 8
9751 1050 10
10453 1074 8
2413 1104 8
751 1008 8
4009 1104 9
3193 1008 9
4309 1104 8
11179 1074 8
6643 1008 8
10069 1050 8
5809 1104 9
10477 1050 10
7459 1104 8
7609 1104 8
1 1056 8
157 1056 8
9409 1104 8
601 1056 9
12943 1008 8
61 1080 8
157 1080 9
343 1080 9
529 1080 8
547 1080 13
607 1080 9
3001 1056 9
961 1080 9
4507 1056 8
1399 1080 10
10363 1104 8
2083 1080 9
6451 1056 8
5689 1134 8
9451 1056 9
2389 1080 8
6073 1134 8
193 1158 9
37 1110 13
151 1110 8
217 1110 8
1051 1158 8
9373 1134 8
5701 1158 8
11023 1134 8
10093 1158 9
11239 1134 8
421 1110 8
481 1110 8
547 1110 8
703 1110 10
877 1110 8
1009 1110 8
1483 1164 8
19 1140 13
121 1140 10
241 1140 8
307 1140 8
7519 1164 9
3139 1080 9
169 1170 10
4483 1080 8
4501 1080 8
4567 1080 8
601 1140 10
637 1140 8
703 1140 8
5053 1080 9
817 1140 9
853 1140 11
931 1140 10
1063 1140 8
1129 1140 10
5449 1080 9
5491 1080 9
1723 1140 9
1807 1140 9
283 1170 9
5623 1080 8
523 1170 10
529 1170 8
1693 1110 10
2317 1140 10
2551 1140 8
643 1170 13
727 1170 8
3061 1140 9
793 1170 8
847 1170 8
1027 1170 8
3307 1140 10
3373 1140 10
2089 1110 9
2551 1110 8
4069 1140 9
3343 1110 8
1141 1170 9
5023 1140 9
5089 1140 10
5101 1140 10
5203 1140 11
5257 1140 8
3847 1110 8
4051 1110 11
4069 1110 8
5683 1140 8
5977 1080 8
1753 1170 9
6481 1080 9
5917 1140 8
4333 1110 10
2113 1170 8
6361 1140 8
6811 1080 10
6877 1080 8
2527 1170 9
6991 1080 8
7267 1140 9
2989 1170 8
7333 1140 10
3589 1170 8
8419 1140 11
3601 1170 10
3631 1170 8
9709 1140 10
9793 1140 9
4459 1170 10
4597 1170 8
5827 1110 8
5917 1110 10
4969 1170 8
10039 1140 8
5317 1170 9
11329 1140 8
11377 1140 8
5887 1170 13
11887 1140 8
7063 1170 8
11953 1140 8
7477 1170 8
7561 1170 10
7609 1170 8
6499 1110 9
8599 1170 9
7399 1080 9
7669 1080 8
7999 1080 9
8197 1080 8
4441 1146 9
4591 1146 9
8797 1170 9
7369 1110 10
7501 1110 10
9109 1170 8
8707 1080 8
9871 1170 9
9583 1080 10
5887 1146 8
9613 1080 10
9631 1080 10
10069 1080 8
10177 1080 9
10243 1080 8
6991 1146 8
10969 1080 9
11059 1080 9
9961 1170 9
7723 1110 12
8029 1110 10
10117 1170 9
2197 1182 9
10231 1170 8
10363 1170 9
11737 1146 8
3679 1182 8
8401 1110 8
10993 1170 8
3997 1182 8
217 1152 9
11257 1170 8
8629 1182 8
4969 1152 8
73 1188 9
6619 1152 8
11749 1170 8
9091 1110 10
511 1188 8
847 1176 8
1657 1206 8
9433 1110 10
6901 1206 9
2923 1188 9
3073 1188 9
3373 1188 9
1471 1176 8
3511 1188 8
2947 1176 8
9679 1110 9
11557 1206 8
4423 1188 9
5977 1212 9
11197 1110 8
11437 1110 8
11461 1110 8
3121 1176 8
10177 1212 8
3871 1176 9
5761 1188 8
6223 1188 9
223 1230 8
871 1218 8
7723 1188 8
229 1230 10
343 1230 8
1303 1218 9
511 1230 8
727 1230 9
1603 1218 9
733 1230 9
11593 1110 8
11791 1110 8
823 1230 10
847 1230 9
907 1230 8
949 1230 9
1009 1230 9
3121 1218 8
1549 1230 10
10723 1188 8
3703 1218 8
199 1194 9
961 1116 8
7603 1218 8
2029 1230 8
793 1194 8
2449 1230 9
2539 1230 10
1027 1116 8
3397 1230 9
4261 1116 9
3661 1230 8
3691 1230 9
7111 1116 9
7177 1116 8
8071 1218 8
1843 1194 8
2299 1194 9
3793 1230 9
3811 1230 8
8827 1116 8
3967 1230 9
10753 1218 8
109 1122 8
5047 1230 9
5149 1194 9
5113 1230 10
10093 1194 8
5551 1230 9
79 1224 9
10693 1194 8
853 1224 8
487 1122 9
6541 1230 9
6631 1230 10
1279 1224 9
6829 1230 10
3853 1224 8
1087 1122 8
7357 1230 8
10849 1194 8
7987 1230 9
8047 1230 10
67 1200 10
8233 1230 8
4579 1224 9
9073 1230 9
2659 1122 8
9313 1230 8
9403 1230 9
8179 1224 9
9601 1230 9
11179 1224 8
11251 1230 8
163 1254 8
67 1236 8
3037 1122 8
3187 1122 9
409 1254 8
613 1254 8
5437 1122 8
1063 1254 8
121 1200 10
223 1200 8
277 1200 8
289 1200 8
343 1200 9
403 1200 9
607 1200 8
1981 1236 8
1213 1254 8
6967 1236 8
7231 1236 8
6937 1122 9
7087 1122 9
8167 1236 8
7537 1122 9
9481 1236 9
3559 1254 9
9337 1122 9
10381 1236 8
4009 1254 9
10609 1122 8
5509 1254 9
5659 1254 8
307 1242 9
10837 1122 9
757 1242 9
6559 1254 8
1057 1242 9
673 1200 9
991 1200 8
7009 1254 9
7213 1254 8
1957 1242 9
11287 1122 8
2749 1242 8
2611 1200 14
3607 1242 8
7459 1254 9
12037 1122 8
4507 1242 8
8209 1254 8
5107 1242 9
3325 1200 8
3529 1200 9
9457 1242 8
9709 1254 9
181 1248 8
10609 1254 8
4303 1200 9
1231 1248 8
5041 1200 11
5173 1200 8
1 1260 8
133 1260 9
259 1260 10
5479 1200 8
1831 1248 8
1663 1128 9
397 1260 10
469 1260 8
529 1260 9
601 1260 8
739 1260 9
3163 1128 9
3691 1128 8
847 1260 10
1051 1260 10
1123 1260 8
5413 1128 9
1183 1260 10
1447 1260 10
5809 1200 9
5833 1200 8
2041 1260 8
2683 1248 8
6181 1200 12
6337 1200 10
3481 1248 8
6013 1128 8
7033 1248 8
7063 1128 9
8683 1248 8
91 1278 8
6559 1200 8
9283 1248 9
2341 1260 11
2437 1260 9
217 1302 9
367 1302 8
6799 1200 10
7075 1200 8
2569 1260 10
2017 1302 9
2971 1260 9
8251 1200 10
10117 1302 8
8539 1200 8
3229 1260 9
3361 1260 10
3433 1260 9
1801 1308 8
2923 1284 8
2293 1308 9
8911 1200 8
9373 1200 9
4993 1308 8
10297 1200 8
3691 1260 8
8293 1308 9
10567 1200 8
1033 1314 8
4033 1260 8
10825 1200 8
10957 1200 8
11113 1200 8
4711 1260 13
3019 1314 9
247 1326 8
397 1326 8
4069 1314 9
3139 1284 9
7519 1314 9
5473 1260 9
4039 1284 8
5869 1260 8
9883 1314 8
6007 1260 9
6139 1260 9
10069 1314 8
2971 1326 9
6727 1260 9
6793 1260 8
49 1320 11
151 1320 9
7573 1260 10
4621 1326 9
7783 1260 10
7861 1260 8
10789 1284 8
169 1320 10
241 1320 9
7921 1326 9
8047 1326 8
277 1320 12
349 1320 10
8647 1260 9
367 1320 13
379 1320 9
8839 1260 9
9037 1260 9
10621 1326 8
457 1320 8
469 1320 8
481 1320 9
541 1320 8
547 1320 8
643 1320 8
43 1290 13
9793 1260 8
1147 1332 8
703 1320 12
1447 1332 9
10423 1260 8
10627 1260 8
6229 1332 8
211 1266 9
277 1266 8
8779 1332 8
793 1320 9
487 1290 8
559 1290 8
589 1290 9
691 1290 11
787 1290 8
817 1290 10
853 1290 10
2377 1266 8
859 1320 10
919 1290 9
1021 1290 8
1087 1290 8
5161 1266 9
1477 1290 8
973 1320 12
991 1320 10
1063 1320 8
1543 1290 10
109 1272 8
337 1272 9
1093 1320 12
1117 1320 9
1459 1272 8
223 1338 9
1153 1320 8
1267 1320 10
4759 1272 8
1939 1290 8
8587 1272 8
1987 1320 11
9187 1272 9
2119 1320 14
9709 1272 8
2803 1290 8
3199 1290 8
79 1350 8
109 1350 9
151 1350 8
379 1350 9
2221 1320 9
1873 1338 9
409 1350 8
643 1350 9
2401 1320 12
3751 1290 11
3823 1290 9
2509 1320 10
8623 1338 8
2527 1320 8
3853 1290 10
2833 1320 8
4051 1290 10
811 1350 8
871 1350 8
5239 1290 9
5473 1290 8
5611 1290 8
1867 1350 8
43 1344 8
343 1344 8
3139 1320 9
2293 1350 9
3229 1320 9
2593 1350 8
3241 1320 10
6067 1290 9
2725 1350 9
2989 1350 10
2149 1344 9
3643 1320 11
3187 1350 8
9049 1344 9
4177 1350 8
10243 1344 8
3853 1320 8
4309 1350 8
3919 1320 10
229 1374 9
4333 1320 8
3079 1374 9
4903 1350 8
4999 1350 9
5299 1350 8
6169 1290 8
4567 1320 12
5563 1350 10
4657 1320 9
6577 1290 11
5179 1320 12
6019 1350 10
5587 1320 11
7543 1350 8
5689 1320 11
7351 1290 8
8167 1350 9
5791 1320 8
8599 1350 9
6199 1320 9
3529 1374 9
9289 1350 8
5929 1374 9
6301 1320 11
37 1380 8
109 1380 9
241 1380 8
301 1380 8
307 1380 9
313 1380 9
10381 1350 8
10513 1350 8
409 1380 11
499 1380 8
457 1356 8
757 1356 8
8029 1290 8
6403 1320 9
8539 1290 9
8737 1290 8
6751 1356 9
763 1380 8
6571 1320 10
769 1380 10
907 1380 10
961 1380 8
967 1380 9
973 1380 8
1033 1380 9
6673 1320 10
1159 1380 8
1279 1380 10
1351 1380 9
7651 1356 9
6679 1320 11
9601 1356 8
7507 1320 8
2977 1362 9
8137 1320 9
8443 1320 9
4477 1362 9
8599 1320 8
8647 1320 9
9331 1290 9
9463 1290 9
9529 1290 8
9667 1320 8
9733 1320 8
9961 1290 8
5527 1362 8
1567 1380 9
1831 1380 10
1603 1368 9
1753 1368 9
2029 1380 10
10129 1320 8
4921 1368 8
10543 1320 8
2743 1380 8
8353 1368 8
3097 1380 9
3217 1380 8
3607 1380 9
3613 1380 10
9253 1368 8
10657 1290 8
5833 1398 8
5983 1398 9
7087 1422 9
3877 1380 10
4339 1380 10
8137 1422 9
7687 1296 8
6481 1398 8
9841 1296 8
1963 1428 8
3409 1404 9
6013 1428 8
7663 1404 8
6763 1428 9
4801 1380 9
8359 1404 8
1423 1434 8
1489 1434 9
241 1446 9
2389 1434 8
9709 1404 8
3541 1446 8
13 1410 8
61 1410 8
19 1440 8
121 1440 11
181 1440 9
283 1440 8
373 1440 10
79 1410 10
247 1410 9
373 1410 10
439 1440 10
613 1440 8
691 1440 9
757 1440 9
5527 1380 9
5647 1380 8
811 1440 8
1009 1440 8
433 1410 8
523 1410 8
589 1410 8
739 1410 8
6973 1380 9
7243 1380 8
1183 1410 10
1201 1410 9
1249 1410 8
1231 1440 8
1861 1410 8
1759 1440 9
2767 1410 8
7441 1380 10
7507 1380 8
1891 1440 10
8491 1446 8
1957 1440 10
2917 1410 10
7693 1380 8
7699 1380 9
3313 1410 10
4201 1440 10
919 1452 8
3319 1410 12
2017 1452 9
5227 1410 8
8167 1380 9
4927 1440 10
3517 1452 9
5383 1410 9
5323 1440 9
5473 1410 8
5707 1440 8
5491 1410 10
5689 1410 8
5983 1440 8
8563 1380 9
6151 1410 9
8833 1380 8
8959 1380 9
6727 1440 8
6751 1440 9
6829 1440 8
6661 1410 8
6781 1410 10
9703 1380 8
6949 1410 9
817 1386 8
931 1386 8
7489 1440 9
4417 1452 9
8107 1440 9
5917 1452 8
6067 1452 9
8611 1440 8
1117 1386 8
1267 1386 8
8869 1440 8
9007 1440 8
1681 1386 9
9583 1440 8
1981 1386 9
9679 1440 8
7273 1410 10
7 1470 10
49 1470 13
91 1470 9
139 1470 9
3931 1386 8
7321 1410 8
421 1470 9
553 1470 9
601 1470 8
637 1470 8
6367 1386 8
6481 1386 9
7933 1410 9
6217 1452 8
829 1470 9
847 1470 11
883 1470 8
931 1470 10
7417 1452 9
8731 1386 9
1297 1470 8
8329 1410 9
8917 1452 8
8527 1410 8
9517 1452 8
9667 1452 8
8923 1410 8
1393 1470 13
9583 1410 8
2779 1470 10
3811 1416 9
1657 1392 8
3007 1470 12
2107 1392 8
5161 1416 8
3637 1470 8
3703 1470 9
5827 1416 8
193 1458 8
4051 1470 9
1393 1458 8
4597 1470 8
2707 1392 9
5023 1470 11
4093 1458 9
6277 1470 8
7651 1458 8
7087 1470 8
5443 1494 8
5749 1494 9
8707 1392 9
8299 1494 8
2269 1464 8
9049 1494 8
7879 1470 8
7927 1470 9
103 1518 9
25 1500 13
121 1500 8
199 1500 8
8191 1470 8
8209 1470 9
8227 1470 8
8389 1470 8
4819 1464 9
8623 1470 8
8761 1470 8
421 1518 8
703 1518 8
721 1518 8
853 1518 8
433 1500 10
661 1500 8
679 1500 9
9583 1464 8
9613 1470 8
2053 1518 9
2371 1476 8
2521 1476 8
2653 1518 9
925 1500 8
4003 1518 9
1027 1500 10
1075 1500 9
4621 1518 8
7321 1476 8
607 1542 9
1225 1500 10
1333 1500 11
1423 1500 10
247 1482 9
6403 1518 8
1753 1500 8
4699 1542 8
547 1482 9
6703 1518 8
2197 1482 8
2197 1500 9
6871 1518 8
2677 1500 10
7753 1518 8
7903 1518 8
7147 1482 9
3007 1500 9
9103 1518 8
4789 1500 10
4903 1500 9
523 1488 9
1333 1548 8
811 1488 8
9253 1518 8
4921 1500 10
4153 1524 8
5647 1500 9
4429 1524 8
1573 1488 9
1873 1488 8
6073 1500 8
6079 1524 9
3283 1548 9
1 1530 9
5833 1548 9
133 1530 10
211 1530 9
223 1530 13
301 1530 13
6901 1500 8
409 1530 9
421 1530 8
487 1530 8
4123 1488 8
8233 1548 8
7459 1500 8
259 1554 9
4261 1488 8
7819 1500 9
7963 1500 9
8773 1488 8
8317 1500 8
877 1566 8
541 1530 9
553 1530 8
613 1530 13
691 1530 13
751 1530 8
5611 1566 8
8419 1500 8
2863 1554 8
8593 1500 8
8749 1500 8
5977 1566 8
8929 1500 8
9127 1500 8
1459 1572 8
757 1506 8
1759 1572 8
5851 1506 9
5209 1554 8
5509 1554 8
9451 1506 8
817 1530 8
871 1530 13
937 1530 9
991 1530 8
439 1512 8
3637 1572 9
1627 1512 9
13 1560 9
91 1560 10
121 1560 11
247 1560 8
379 1560 8
8227 1512 8
4237 1572 8
1213 1530 8
1279 1530 8
1387 1530 9
1417 1530 11
1453 1530 10
8359 1572 8
1981 1530 10
2179 1530 9
9139 1512 8
2413 1578 8
19 1590 9
2509 1530 10
61 1590 10
2707 1530 10
2719 1530 9
139 1584 8
3439 1530 11
1423 1584 8
1489 1584 9
403 1590 8
1939 1584 9
2089 1584 8
2239 1584 9
607 1590 10
709 1590 9
4489 1584 9
3577 1530 9
3589 1530 8
4639 1584 9
1057 1590 8
1117 1590 8
3853 1530 10
4159 1530 10
1159 1590 11
1261 1590 8
1297 1590 8
1327 1590 8
1381 1590 8
1447 1590 10
7489 1584 8
2503 1590 9
4303 1530 8
4423 1530 9
7219 1614 8
2767 1590 8
7933 1614 8
4489 1530 10
3301 1590 9
61 1620 8
127 1620 8
3511 1590 9
5941 1530 9
421 1620 10
589 1620 8
6559 1530 8
6799 1530 9
6889 1530 8
469 1560 8
559 1560 8
4363 1590 8
4429 1590 8
1183 1620 9
1213 1620 9
1237 1620 10
757 1560 10
4483 1590 10
889 1560 8
907 1560 8
1141 1560 8
5239 1590 9
1153 1560 10
1237 1560 8
1417 1560 9
1873 1620 10
6133 1590 8
2359 1560 8
2539 1560 8
2269 1620 9
6469 1590 9
2731 1620 8
3529 1560 10
6607 1590 8
3391 1620 8
4123 1560 9
4453 1560 8
4603 1560 8
3457 1620 9
7591 1530 9
7987 1530 8
8251 1530 8
8287 1530 8
6991 1590 8
3721 1620 10
3787 1620 10
7651 1590 8
4579 1620 9
8869 1530 8
9109 1530 8
8713 1590 8
5479 1620 9
7381 1536 8
1291 1596 8
7681 1536 9
4291 1596 9
9181 1536 8
6427 1620 9
4663 1560 9
4987 1560 9
6691 1620 9
5491 1596 9
7483 1620 8
811 1638 8
271 1626 9
1561 1638 8
5641 1560 10
3397 1626 8
43 1644 8
8521 1626 8
499 1644 8
529 1632 8
547 1632 9
679 1632 8
2293 1644 8
7141 1596 9
4129 1632 8
619 1602 8
6649 1644 9
2119 1602 8
6499 1560 9
5347 1632 8
6541 1560 8
6631 1560 8
2269 1602 8
43 1650 8
91 1650 10
193 1650 8
211 1650 10
229 1650 9
7129 1632 8
2617 1602 8
7969 1560 8
277 1662 9
289 1662 8
313 1650 9
373 1650 10
379 1650 12
427 1662 9
7219 1602 8
4027 1662 8
8611 1560 8
7267 1602 8
9007 1560 8
2671 1668 8
1831 1686 9
5143 1608 8
5293 1608 9
457 1650 11
613 1650 11
619 1650 10
751 1650 11
3571 1668 8
1099 1692 8
793 1650 12
6343 1608 9
3757 1692 9
4057 1692 9
37 1710 8
73 1710 8
169 1710 8
247 1710 10
373 1710 8
4849 1692 8
7303 1668 8
7507 1692 8
433 1710 8
571 1710 9
577 1710 8
631 1710 8
7753 1668 8
871 1650 10
877 1650 11
937 1650 10
991 1650 8
1063 1650 8
1141 1650 10
1147 1650 9
2479 1674 8
283 1698 9
3229 1674 8
3379 1674 9
433 1698 8
6553 1674 8
6703 1674 8
907 1710 8
1039 1710 8
1093 1710 8
1213 1650 8
1267 1650 8
1327 1650 12
1351 1650 9
1429 1650 12
1567 1650 10
79 1680 8
121 1680 8
163 1680 9
277 1680 8
343 1680 8
1159 1710 8
1783 1698 9
841 1680 9
889 1680 8
931 1680 10
1267 1710 11
1489 1710 8
1501 1710 8
1339 1680 10
1621 1710 8
1867 1680 10
2653 1650 8
2263 1680 8
3061 1650 8
1699 1710 9
2623 1680 9
1897 1710 9
3577 1650 10
3697 1650 9
2887 1680 8
2923 1680 11
4489 1650 9
2203 1710 11
4579 1650 8
2509 1710 11
2623 1710 8
3187 1680 10
4933 1698 9
3847 1680 8
4009 1680 9
3613 1710 10
4519 1680 9
3937 1710 9
6733 1698 8
5233 1680 8
5101 1650 9
5275 1650 9
5761 1680 9
5821 1680 8
5839 1650 9
6019 1650 9
6037 1650 9
4273 1710 10
6547 1650 9
6871 1650 8
6289 1680 9
6349 1680 8
5563 1704 8
7213 1680 8
7273 1680 8
4861 1710 9
4987 1710 8
7411 1680 8
7477 1680 8
7573 1680 8
5263 1710 9
7009 1650 8
73 1734 8
289 1734 9
7363 1650 8
6517 1710 8
3739 1734 8
7507 1710 8
7159 1704 8
4639 1734 8
2251 1758 8
6673 1734 8
7771 1710 8
37 1740 8
127 1740 8
259 1740 8
271 1740 8
61 1716 9
409 1740 8
541 1740 9
127 1716 8
4801 1758 8
847 1740 9
1009 1740 10
1147 1740 10
7753 1650 8
7957 1650 8
7963 1650 8
361 1716 9
1249 1740 8
1333 1740 10
1531 1740 10
877 1716 8
5443 1758 9
2311 1716 9
2611 1716 9
1621 1740 9
1729 1740 10
133 1764 8
1993 1740 10
2257 1740 9
3211 1716 9
3361 1716 8
2743 1740 9
2851 1740 9
1519 1764 8
3811 1716 9
8317 1650 8
8389 1650 8
6811 1716 8
3019 1764 9
6961 1716 8
4201 1740 10
7411 1716 8
4477 1740 9
787 1722 9
7 1656 8
1387 1722 8
4681 1740 8
4831 1740 8
457 1656 8
5227 1740 8
2437 1722 9
2587 1722 9
2701 1656 8
6469 1764 8
3757 1656 8
3937 1722 9
5623 1740 9
6937 1722 8
5803 1740 9
5929 1740 8
5953 1740 8
6133 1740 8
19 1770 8
217 1770 8
4963 1728 9
6547 1740 8
6769 1740 8
7591 1728 8
6451 1656 9
97 1782 9
229 1782 8
379 1782 8
7273 1740 8
427 1770 8
571 1770 9
709 1770 10
241 1746 9
997 1782 9
5491 1746 8
937 1770 9
1021 1770 8
1117 1770 11
1417 1752 8
1447 1782 8
1351 1770 9
1483 1770 9
2479 1782 8
2467 1752 8
157 1806 8
301 1806 9
5767 1752 9
1759 1770 10
31 1830 8
61 1830 11
169 1830 8
367 1830 9
379 1830 8
4447 1782 8
4597 1782 8
439 1830 8
463 1830 8
547 1830 9
2161 1770 11
2263 1770 8
6097 1782 8
787 1830 11
793 1830 8
847 1830 8
859 1830 8
991 1830 8
6697 1782 8
1201 1806 9
1159 1830 10
1483 1830 8
1951 1806 9
1543 1830 11
1783 1830 8
7147 1782 8
2611 1830 10
61 1788 8
2989 1770 8
661 1788 8
2809 1830 10
5257 1806 8
3469 1830 10
3751 1830 8
1573 1788 9
3079 1770 10
3823 1788 9
3673 1770 8
3931 1830 9
6373 1788 8
4261 1830 8
4507 1770 8
6673 1788 8
5053 1830 8
5167 1830 8
5233 1830 8
1039 1812 8
793 1794 8
5479 1830 8
1849 1794 8
6373 1830 8
4039 1812 8
1417 1836 8
1153 1818 8
2131 1836 9
5059 1770 9
5257 1770 9
1999 1794 8
6367 1836 8
157 1800 9
6631 1836 8
181 1800 11
289 1800 9
6037 1770 8
751 1800 9
307 1842 9
6961 1770 8
7237 1770 8
817 1800 9
907 1842 9
967 1800 11
1099 1800 8
3199 1842 8
7369 1770 8
31 1848 8
133 1848 9
121 1776 8
1573 1800 11
1231 1848 8
1381 1848 8
2251 1800 10
2071 1818 8
2833 1848 9
5503 1818 8
3283 1848 8
3307 1800 10
3433 1800 8
829 1824 9
5383 1848 8
1171 1776 9
3637 1800 8
4921 1776 8
2029 1824 8
3721 1800 9
5833 1848 8
259 1854 9
4537 1800 8
6481 1848 8
2779 1824 8
313 1878 9
967 1902 9
4693 1800 9
4963 1878 8
3067 1902 8
139 1884 8
3943 1908 9
823 1884 8
4759 1800 8
4801 1908 8
5917 1800 8
5983 1800 8
463 1854 8
97 1890 11
109 1890 9
247 1890 10
31 1860 11
277 1860 8
6475 1800 8
439 1860 9
487 1860 9
661 1860 10
793 1860 9
6541 1800 8
6643 1800 8
397 1890 8
469 1890 8
511 1890 8
7087 1800 8
907 1890 8
6043 1908 8
1171 1890 8
19 1914 9
1723 1890 9
847 1860 11
1147 1860 8
1321 1860 8
1333 1860 9
1399 1860 9
1519 1860 10
871 1926 9
469 1914 9
733 1914 8
2143 1890 9
379 1932 8
1369 1914 9
847 1932 8
1609 1860 8
1663 1860 8
1597 1932 9
2869 1914 9
2383 1890 8
2557 1890 8
2797 1932 9
2689 1890 8
5419 1914 8
5569 1914 8
4429 1932 8
4447 1932 9
3529 1890 8
3601 1890 9
3661 1890 9
67 1920 9
271 1920 8
4123 1890 9
721 1920 9
4627 1890 9
4903 1890 8
3631 1860 8
5047 1890 8
5341 1890 8
859 1920 9
931 1920 8
1051 1920 9
1063 1920 8
1117 1920 10
5947 1932 8
5971 1890 8
6097 1932 8
6169 1890 8
361 1938 8
1249 1920 8
1387 1920 9
961 1938 8
1573 1920 8
1423 1938 9
1591 1920 8
1651 1920 9
3073 1938 9
4027 1860 9
4291 1860 9
4489 1860 9
241 1896 9
4711 1938 8
2239 1920 9
2311 1920 8
2701 1920 9
2833 1920 8
5161 1938 8
3991 1896 8
3823 1920 9
4441 1896 9
4549 1920 9
4699 1944 8
4837 1896 8
5107 1860 8
91 1950 8
193 1950 8
325 1950 9
361 1950 8
6241 1896 8
5077 1920 8
103 1974 8
5413 1860 8
427 1950 8
529 1974 9
553 1950 8
619 1950 10
721 1950 10
757 1950 8
7 1980 8
43 1980 11
73 1980 9
91 1980 8
259 1980 8
277 1980 8
301 1980 10
5737 1920 8
421 1980 8
457 1980 10
547 1980 10
559 1980 10
6133 1920 8
883 1950 8
949 1950 10
1087 1950 8
1933 1998 8
721 1980 10
739 1980 8
2833 1998 9
823 1980 10
1009 1980 8
1087 1980 10
1093 1980 8
1381 1950 9
1237 1980 9
1279 1980 8
1417 1980 10
1453 1980 10
4033 1998 8
1477 1980 9
1501 1980 10
1519 1980 9
1417 1950 8
6073 1860 8
1543 1980 10
1561 1980 10
1699 1980 9
1747 1980 9
1777 1980 10
1801 1980 8
1447 1950 10
1963 1980 10
1549 1950 8
13 2004 8
1573 1950 10
1609 1950 9
6247 1860 8
2731 1950 8
409 2004 8
2863 1950 9
2611 1866 9
3907 1980 9
3259 1950 9
3313 2004 8
4027 1980 9
3661 1950 8
4711 1866 8
3919 1950 8
937 1872 9
4381 1950 8
1687 1872 9
4309 1980 8
5041 1950 8
5107 1980 8
5131 1980 8
5227 1980 8
337 2022 9
4963 2004 8
5929 1950 8
5209 2004 8
1 1956 9
5743 1980 8
67 2010 10
151 2010 9
181 2010 8
211 2010 8
577 2010 9
643 2010 9
679 2010 10
601 1956 9
5881 1980 8
1987 2022 8
2209 2022 8
331 1986 9
871 2010 8
1069 2010 8
1231 1986 8
991 2028 8
3001 1956 8
4591 2028 8
3457 1992 8
3499 1992 8
823 2034 8
889 2034 9
5107 1992 8
1339 1962 8
1273 2010 10
2377 1962 8
1669 2010 10
1729 2010 8
1741 2010 8
4789 1962 8
241 2046 8
121 1968 8
637 2046 8
2263 2010 8
2041 2046 8
703 1968 9
2791 2010 8
3187 2010 9
2641 2046 9
3517 2010 9
3691 2046 8
1021 1968 8
5041 2046 8
1153 1968 9
1171 1968 8
343 2058 9
1423 2034 8
2203 1968 8
1651 2058 8
3913 2010 9
5653 1968 8
3643 2058 8
13 2070 10
121 2070 9
151 2070 8
193 2070 8
277 2070 8
343 2070 10
4903 2010 8
5299 2010 8
499 2070 9
2269 2064 9
541 2070 10
553 2070 10
631 2070 9
661 2070 8
763 2070 8
4033 2064 8
4039 2034 8
349 2094 9
829 2070 9
1993 2094 8
2149 2094 8
427 2016 8
847 2070 10
937 2070 9
217 2100 8
169 2040 8
181 2040 8
247 2040 9
301 2040 8
427 2100 8
559 2100 9
571 2100 8
613 2100 8
691 2100 9
3511 2016 8
3661 2016 8
877 2100 8
1033 2100 8
5011 2016 8
1669 2100 8
1747 2100 8
397 2040 10
499 2040 10
1093 2070 10
1933 2100 8
2077 2100 9
121 2118 8
1183 2070 8
1489 2070 9
2593 2100 8
1603 2070 8
1897 2070 9
421 2118 8
2041 2070 8
2749 2100 8
2767 2100 8
2521 2070 9
1321 2118 8
1453 2118 9
3181 2100 8
3319 2100 8
2653 2070 9
3409 2100 8
643 2040 10
703 2040 8
841 2040 10
961 2040 8
1027 2040 8
3607 2100 8
79 2124 9
3871 2100 8
3073 2070 8
5257 2100 8
1039 2040 10
4129 2070 8
2551 2106 9
1489 2040 8
1501 2040 8
1561 2040 9
1627 2040 8
1687 2040 8
1849 2040 9
4303 2070 8
4477 2070 8
553 2124 8
4501 2070 8
1453 2124 8
3751 2106 8
4909 2070 8
577 2112 8
739 2112 8
421 2130 9
439 2130 8
601 2130 8
751 2130 9
817 2130 9
1183 2130 9
1231 2130 9
1261 2130 9
5011 2070 8
5293 2070 8
2953 2040 9
3019 2040 8
121 2076 9
1621 2130 9
1657 2130 9
1723 2130 8
1627 2112 9
871 2076 8
2977 2112 8
3283 2040 9
3481 2040 9
3811 2040 8
3397 2082 8
607 2142 8
3697 2082 8
4537 2040 8
1099 2142 8
1813 2130 8
1861 2130 8
1873 2130 9
73 2088 9
1399 2142 8
2623 2088 8
2449 2130 9
4207 2142 8
361 2166 9
4039 2130 8
811 2166 8
4549 2142 8
2011 2166 8
4657 2142 8
3211 2166 8
4933 2040 8
31 2148 8
331 2148 8
4111 2166 8
4297 2130 8
4363 2130 8
4381 2148 8
4663 2130 8
4957 2130 8
313 2154 8
4999 2040 8
4561 2166 8
5167 2040 8
1813 2154 8
367 2136 8
19 2160 9
139 2160 10
157 2160 8
193 2160 8
2287 2172 9
5659 2040 8
499 2160 8
547 2160 9
61 2190 9
73 2190 10
109 2190 10
211 2190 8
4009 2172 8
919 2160 9
937 2160 9
961 2160 8
1009 2160 9
1123 2160 8
613 2178 8
691 2178 8
1519 2160 8
1213 2178 9
1621 2160 8
2263 2178 9
2083 2160 9
2113 2160 8
2131 2160 8
2713 2178 8
2479 2160 9
2677 2160 9
3313 2178 8
487 2190 8
529 2190 9
2809 2160 8
4513 2178 8
3697 2160 8
1573 2184 8
949 2190 8
1387 2190 9
1489 2190 9
1501 2190 8
1597 2190 9
1381 2136 8
3373 2184 8
2281 2136 9
373 2238 9
139 2262 8
2119 2214 9
3193 2190 8
973 2238 9
37 2220 9
121 2220 9
247 2220 8
1273 2238 9
3631 2190 8
841 2220 8
889 2220 8
1063 2220 9
1087 2220 8
2023 2238 9
2977 2262 8
2623 2238 8
4093 2190 8
4357 2190 8
4417 2190 8
4513 2190 8
343 2244 8
1369 2220 8
1501 2220 8
499 2244 9
3439 2262 8
1543 2244 8
1549 2244 9
1843 2244 8
1849 2244 9
1591 2220 9
1813 2220 9
1741 2196 9
1891 2196 8
2029 2220 8
2053 2220 9
2089 2220 8
2137 2196 8
3019 2220 8
103 2268 8
3439 2220 8
1999 2244 8
3991 2220 8
367 2202 9
4453 2220 8
871 2268 8
2449 2244 8
2017 2202 8
2749 2244 8
3049 2244 8
1753 2268 8
1297 2232 8
3199 2244 8
2029 2232 8
3667 2202 8
4249 2244 8
379 2274 9
2947 2232 8
4417 2202 8
3847 2232 8
151 2208 8
343 2208 8
127 2250 9
325 2250 9
7 2292 8
1603 2274 8
1333 2298 9
1483 2298 9
631 2250 9
19 2280 9
61 2280 9
133 2280 9
2359 2304 8
919 2250 9
931 2250 8
991 2250 9
1129 2250 8
1141 2250 9
7 2310 9
37 2310 9
43 2310 9
103 2310 9
169 2310 8
211 2310 9
217 2310 9
343 2310 9
1321 2250 9
511 2310 9
547 2310 8
577 2310 8
589 2310 9
661 2310 9
721 2310 9
289 2280 9
361 2280 8
427 2280 8
643 2280 8
817 2280 8
919 2280 8
1021 2280 8
1051 2280 8
1249 2280 9
1381 2280 9
1789 2280 8
1939 2280 8
2071 2280 8
2209 2280 8
1453 2250 9
1525 2250 8
787 2310 9
889 2310 9
931 2310 8
961 2310 9
991 2310 9
1063 2310 9
1069 2310 8
1099 2310 9
1129 2310 9
1843 2250 9
1849 2250 8
1231 2310 8
1237 2310 9
1459 2310 9
1477 2310 9
1975 2250 8
2179 2250 8
1501 2208 8
2437 2250 8
1579 2310 8
1783 2310 8
1801 2310 8
3967 2250 8
2107 2310 8
2143 2310 8
2149 2310 8
2209 2310 8
2251 2310 8
2593 2208 8
457 2256 8
3943 2208 8
2803 2310 8
673 2334 8
3517 2310 8
3721 2310 8
3823 2310 8
151 2358 8
2161 2316 8
1651 2358 8
859 2322 8
937 2322 9
49 2340 9
247 2340 9
343 2340 8
361 2340 9
1651 2256 9
2713 2328 8
2851 2256 8
397 2382 9
2743 2358 8
1447 2382 8
2857 2406 8
79 2370 9
307 2370 9
661 2388 8
481 2340 9
1099 2394 8
871 2340 8
1339 2412 8
313 2370 9
1543 2394 8
1267 2340 8
1273 2340 9
1333 2340 8
1471 2340 8
103 2400 9
211 2400 8
241 2400 9
301 2400 9
1939 2412 8
2077 2412 8
2089 2412 8
721 2400 8
463 2370 9
763 2370 9
829 2400 8
853 2400 8
907 2400 8
967 2400 8
403 2418 9
1381 2400 8
1423 2400 8
769 2370 9
841 2370 9
1027 2370 8
1093 2370 8
373 2430 9
1573 2340 8
1597 2340 8
1897 2340 8
1687 2400 8
1729 2400 8
1843 2400 8
1669 2430 8
1813 2430 8
1501 2370 8
2077 2400 8
2149 2400 8
2281 2400 8
2023 2430 8
1687 2370 8
1831 2370 8
1963 2370 8
2341 2430 8
421 2376 9
571 2376 9
331 2436 9
367 2436 8
1993 2340 8
2197 2340 8
2593 2340 8
2017 2436 8
2389 2400 8
349 2442 8
3547 2340 8
949 2442 8
997 2376 8
1999 2442 8
2107 2442 8
91 2346 9
487 2346 8
2707 2442 8
2917 2400 8
1171 2376 8
1471 2376 8
1033 2448 8
1237 2346 8
1783 2448 8
409 2454 8
2041 2478 8
1567 2352 8
91 2460 8
157 2460 8
337 2460 8
1981 2448 8
2131 2448 8
607 2460 8
733 2460 8
967 2502 8
883 2460 8
997 2460 8
1009 2460 8
1051 2460 8
1099 2460 8
301 2508 8
421 2526 8
1693 2508 8
1213 2460 8
1231 2460 8
1279 2460 8
1297 2460 8
1333 2460 8
1459 2460 8
2143 2508 8
511 2538 8
2539 2484 8
73 2550 8
103 2550 8
139 2550 8
163 2550 8
2401 2508 8
2443 2508 8
421 2550 8
475 2550 8
691 2550 8
709 2550 8
2221 2460 8
121 2520 8
199 2520 8
2401 2460 8
841 2550 8
931 2550 8
973 2550 8
1039 2550 8
1063 2550 8
1129 2550 8
1147 2550 8
13 2490 9
67 2490 8
133 2490 8
151 2490 8
199 2490 8
127 2466 8
277 2466 8
223 2520 8
343 2520 8
433 2490 8
727 2490 8
739 2490 8
829 2490 8
841 2490 8
949 2490 8
1153 2490 8
1291 2490 8
1777 2466 8
1783 2490 8
1801 2490 8
1849 2490 8
259 2472 8
1153 2550 8
1393 2550 8
1417 2550 8
709 2472 8
1681 2550 8
529 2520 8
547 2520 8
619 2520 8
739 2520 8
1963 2550 8
2029 2550 8
1057 2520 8
1477 2520 8
1783 2520 8
1861 2520 8
1957 2520 8
2137 2520 8
2191 2520 8
1651 2556 8
379 2574 8
427 2562 8
439 2562 8
1303 2574 8
1987 2490 8
2197 2490 8
1789 2562 8
1729 2574 8
2479 2490 8
43 2580 8
73 2580 8
1087 2622 8
637 2496 8
1087 2496 8
397 2580 8
727 2580 8
1159 2622 8
859 2580 8
919 2580 8
1123 2580 8
1141 2628 8
1171 2580 8
1417 2580 8
1447 2580 8
337 2646 8
1591 2580 8
1723 2580 8
1849 2580 8
289 2634 8
433 2598 8
439 2634 8
379 2670 8
619 2652 8
547 2670 8
673 2670 8
739 2670 8
37 2640 8
49 2640 8
817 2652 8
139 2640 8
151 2640 8
241 2640 8
307 2640 8
331 2640 8
379 2640 8
751 2658 8
397 2640 8
409 2640 8
481 2640 8
499 2640 8
523 2640 8
559 2640 8
589 2640 8
727 2640 8
313 2604 8
793 2640 8
841 2640 8
883 2640 8
919 2640 8
967 2640 8
1021 2640 8
1117 2640 8
169 2700 8
181 2700 8
367 2700 8
1171 2640 8
1009 2604 8
1351 2640 8
1399 2640 8
1429 2640 8
1489 2640 8
811 2670 8
823 2670 8
1039 2670 8
1057 2670 8
1141 2670 8
223 2610 8
259 2610 8
361 2610 8
13 2730 8
91 2730 8
169 2730 8
277 2730 8
1021 2676 8
1147 2676 8
631 2730 8
1123 2688 8
217 2736 8
529 2700 8
643 2700 8
109 2772 8
259 2772 8
421 2610 8
487 2610 8
523 2610 8
709 2610 8
409 2772 8
1483 2610 8
463 2778 8
457 2742 8
841 2700 8
1033 2700 8
289 2784 8
7 2706 8
151 2706 8
157 2790 8
373 2790 8
463 2754 8
403 2790 8
109 2760 8
121 2760 8
361 2760 8
217 2820 8
139 2712 8
403 2760 8
547 2760 8
679 2760 8
589 2712 8
1729 2610 8
577 2616 8
1261 2616 8
