# N=13136777.4375
2352853 1650 24
137041 990 25
959287 6930 25
2603779 18810 25
4179139 15180 24
3426025 24750 25
4248271 30690 25
1781533 12870 25
5892763 42570 25
6715009 48510 25
375523 53130 24
5070517 36630 25
270961 56100 27
528133 56100 24
2261449 56100 24
8359501 60390 25
12919 61710 25
2213929 71940 24
42769 71280 26
3155569 75900 26
10826239 78210 25
9181747 66330 25
1986187 91410 24
10003993 72270 25
2533081 95370 24
4293301 95370 24
6313183 75900 27
2724061 100980 24
8540827 100980 25
4148359 106260 27
4488613 111540 24
3992149 113850 24
9125977 113850 25
4544587 112200 24
4348117 127380 24
554011 140250 25
3529033 140250 25
4770811 142890 24
2254933 145860 24
4130569 151800 24
2860771 155100 26
8907499 157080 24
3787021 169290 24
9180499 166980 24
4137457 140580 24
6271 129030 24
106033 129030 25
896167 129030 25
2235271 129030 28
3512857 129030 25
5266699 129030 24
5328121 129030 25
8115871 129030 27
8210731 129030 25
10075651 129030 24
7344757 173910 24
2675041 168300 25
177901 182160 24
5961661 185130 24
2826031 179520 27
187789 197340 24
27961 204270 24
1763419 204930 24
4507213 213180 25
1042093 220110 27
1521001 220110 25
1713211 223080 25
160933 258060 25
356761 258060 24
3391897 258060 24
4812481 258060 26
6700279 258060 24
6437413 268620 24
1204309 246180 24
1972807 280500 27
3509917 279840 25
1691533 246840 24
5414989 297330 25
2705767 314160 24
276577 325380 25
2661883 325380 24
2066329 342210 24
982591 371250 27
2628661 371910 24
2929891 387090 24
3067501 387090 25
1896727 392700 27
3696931 392700 24
2838529 417450 25
16339 419430 24
90433 431970 25
503491 460020 28
411841 457710 25
57577 465630 24
645049 471240 25
443809 488070 24
1780063 488070 24
299383 498960 26
652963 516120 25
