# N=30000.0
727 30 15
763 270 14
73 150 14
2341 630 19
13897 510 15
8227 390 16
8683 30 16
5491 270 15
7231 630 17
9451 390 15
5179 150 14
12919 390 16
18979 510 18
3511 60 15
23527 390 14
10687 150 15
9793 630 16
823 330 15
1129 330 16
13267 420 14
19123 60 18
21853 150 14
3169 330 15
25933 150 16
457 660 16
3781 330 16
1033 90 17
13813 570 15
1561 660 16
1867 660 14
223 450 14
3907 660 16
1399 90 16
4801 330 16
9211 660 15
6649 330 14
14647 180 15
21031 450 17
15127 660 15
7759 330 15
18133 660 17
9187 330 16
14749 570 14
4111 690 14
5089 210 15
18157 120 14
157 480 16
10129 330 15
9013 690 14
271 870 15
11071 330 14
4033 480 15
24061 210 16
15817 330 14
11311 870 15
18175 750 15
5461 240 15
17299 330 14
607 990 14
3433 900 15
811 990 14
3637 900 16
19231 330 14
8719 810 15
6379 990 15
20491 720 14
10171 810 15
20917 330 16
8047 1230 14
24589 330 16
1843 840 15
15091 990 14
2863 960 14
2689 360 14
16039 990 14
5887 1170 15
11581 1290 15
6619 1020 15
9961 1170 14
2119 1320 15
7207 1020 15
4567 1320 16
13429 1170 15
16057 1020 14
1327 1650 15
223 1530 14
301 1530 14
511 1050 14
6037 1650 15
2611 1200 14
871 1530 15
3319 1410 17
4867 1050 14
6547 1650 14
5587 1320 14
5689 1320 15
5803 1740 14
787 1830 15
721 1950 15
2161 1770 14
949 1950 14
1447 1950 14
967 1800 14
5341 1890 14
1087 1980 15
1777 1980 15
2953 2040 14
