# N=768865.5
30271 990 20
145111 1110 21
21469 1350 21
137041 990 25
636181 990 20
43327 1320 21
7501 2970 20
481561 3300 20
505897 2970 20
200479 4140 20
10849 4590 20
60943 4590 20
138817 4290 21
307 5610 21
74311 5610 22
75781 5610 20
137821 5610 21
148693 5610 21
577183 5610 22
52081 6420 20
550249 6600 20
211897 6930 20
594841 7260 21
57451 7590 20
147649 7590 21
451951 7590 20
93487 8160 21
529813 8160 20
157177 8910 21
51859 9240 22
303289 9240 21
150283 9450 21
1801 9900 20
47593 10560 20
202261 10890 21
307 11220 20
32767 11220 21
40771 11220 21
73987 11220 22
461629 11220 22
494101 11220 21
433819 12750 20
93103 12990 20
393523 12870 20
251503 13200 21
224011 13860 20
495139 13530 20
95971 14850 22
244297 15180 20
12559 16830 21
56263 16830 20
113683 16830 20
176197 16830 21
368341 16830 20
20983 16800 20
279097 17550 21
52507 20790 20
204163 22440 21
248563 24750 20
89779 25080 20
9709 26730 20
17701 27390 21
6859 29040 21
6223 30360 20
13579 31020 21
5707 32130 20
75943 32130 20
125659 33660 20
76561 35190 20
28123 35460 20
44611 36570 20
7819 37950 20
331 39270 20
2149 39270 20
6637 39690 20
