# N=2594919.375
2352853 1650 24
2481091 4290 22
137041 990 25
74311 5610 22
577183 5610 22
959287 6930 25
1009081 9570 22
1173751 7590 23
1974631 7590 23
51859 9240 22
73987 11220 22
461629 11220 22
95971 14850 22
1781533 12870 25
2252269 15180 22
1829437 16830 22
1902799 24090 22
1046377 22440 22
1491643 22440 22
340189 29040 22
412399 31020 23
166123 32010 22
302227 36630 23
1652293 37950 22
331 39270 22
375799 39930 23
9793 42240 23
1566823 45540 23
731497 50490 22
738811 50490 22
375523 53130 24
1089133 51810 22
270961 56100 27
307237 56100 22
528133 56100 24
584479 56100 22
1152763 56100 22
22909 54120 22
397267 56430 22
896833 58410 23
922849 57750 22
1165909 61380 22
683611 58080 22
12919 61710 25
1079887 59070 23
739957 61710 22
497179 64020 22
440971 67980 22
363013 64680 22
67027 67320 23
964789 68640 22
30391 72930 22
966043 72930 22
42769 71280 26
880069 75900 23
272959 78540 22
375769 78540 22
517909 78540 22
603469 78540 22
525727 76560 22
367051 83490 23
729829 84150 22
492181 87450 22
452521 89760 22
211219 100980 22
33529 108900 22
111811 106590 22
12817 112200 22
39871 121440 22
344917 39270 22
520177 39270 22
