# gpu    pwr  gtemp  mtemp     sm    mem    enc    dec    jpg    ofa   mclk   pclk     fb   bar1   ccpm 
# Idx      W      C      C      %      %      %      %      %      %    MHz    MHz     MB     MB     MB 
    0    549     87      -    100      0      0      0      0      0  13365   2197  11492      9      0 
    1    549     88      -    100      0      0      0      0      0  13365   2362  16058      9      0 
    2    549     84      -    100      0      0      0      0      0  13365   2287   9892      9      0 
    3    549     78      -    100      0      0      0      0      0  13365   2325   6762      9      0 
    4    549     88      -    100      0      0      0      0      0  13365   2257   9196      9      0 
    5    549     90      -    100      0      0      0      0      0  13365   2287   8976      9      0 
    6    549     89      -    100      0      0      0      0      0  13365   2190   9316      9      0 
    7    549     85      -    100      0      0      0      0      0  13365   2197   9912      9      0 
    0    549     87      -    100      0      0      0      0      0  13365   2197  11492      9      0 
    1    549     88      -    100      0      0      0      0      0  13365   2362  16058      9      0 
    2    549     84      -    100      0      0      0      0      0  13365   2287   9892      9      0 
    3    549     78      -    100      0      0      0      0      0  13365   2242   6762      9      0 
    4    549     88      -    100      0      0      0      0      0  13365   2257   9196      9      0 
    5    550     90      -    100      0      0      0      0      0  13365   2287   8976      9      0 
    6    549     89      -    100      0      0      0      0      0  13365   2242   9316      9      0 
    7    550     85      -    100      0      0      0      0      0  13365   2197   9912      9      0 
    0    549     87      -    100      0      0      0      0      0  13365   2197  11492      9      0 
    1    549     88      -    100      0      0      0      0      0  13365   2362  16058      9      0 
    2    550     84      -    100      0      0      0      0      0  13365   2287   9892      9      0 
    3    549     78      -    100      0      0      0      0      0  13365   2242   6762      9      0 
    4    549     88      -    100      0      0      0      0      0  13365   2257   9196      9      0 
    5    549     90      -    100      0      0      0      0      0  13365   2287   8976      9      0 
    6    550     89      -    100      0      0      0      0      0  13365   2265   9316      9      0 
    7    549     85      -    100      0      0      0      0      0  13365   2197   9912      9      0 
    0    549     87      -    100      0      0      0      0      0  13365   2197  11492      9      0 
    1    549     88      -    100      0      0      0      0      0  13365   2362  16058      9      0 
    2    549     84      -    100      0      0      0      0      0  13365   2287   9892      9      0 
    3    549     78      -    100      0      0      0      0      0  13365   2242   6762      9      0 
    4    549     88      -    100      0      0      0      0      0  13365   2257   9196      9      0 
    5    549     90      -    100      0      0      0      0      0  13365   2287   8976      9      0 
    6    549     89      -    100      0      0      0      0      0  13365   2265   9316      9      0 
    7    549     85      -    100      0      0      0      0      0  13365   2197   9912      9      0 
    0    550     87      -    100      0      0      0      0      0  13365   2197  11492      9      0 
    1    549     88      -    100      0      0      0      0      0  13365   2362  16058      9      0 
    2    549     84      -    100      0      0      0      0      0  13365   2287   9892      9      0 
    3    549     78      -    100      0      0      0      0      0  13365   2302   6762      9      0 
    4    549     88      -    100      0      0      0      0      0  13365   2257   9196      9      0 
    5    550     90      -    100      0      0      0      0      0  13365   2287   8976      9      0 
    6    549     89      -    100      0      0      0      0      0  13365   2265   9316      9      0 
    7    550     85      -    100      0      0      0      0      0  13365   2197   9912      9      0 
    0    549     87      -    100      0      0      0      0      0  13365   2197  11492      9      0 
    1    549     88      -    100      0      0      0      0      0  13365   2362  16058      9      0 
    2    549     84      -    100      0      0      0      0      0  13365   2287   9892      9      0 
    3    549     78      -    100      0      0      0      0      0  13365   2227   6762      9      0 
# gpu    pwr  gtemp  mtemp     sm    mem    enc    dec    jpg    ofa   mclk   pclk     fb   bar1   ccpm 
# Idx      W      C      C      %      %      %      %      %      %    MHz    MHz     MB     MB     MB 
    4    549     88      -    100      0      0      0      0      0  13365   2257   9196      9      0 
    5    549     90      -    100      0      0      0      0      0  13365   2287   8976      9      0 
    6    549     89      -    100      0      0      0      0      0  13365   2265   9316      9      0 
    7    549     85      -    100      0      0      0      0      0  13365   2197   9912      9      0 
    0    550     87      -    100      0      0      0      0      0  13365   2197  11492      9      0 
    1    549     88      -    100      0      0      0      0      0  13365   2362  16058      9      0 
    2    549     84      -    100      0      0      0      0      0  13365   2287   9892      9      0 
    3    549     78      -    100      0      0      0      0      0  13365   2227   6762      9      0 
    4    550     88      -    100      0      0      0      0      0  13365   2257   9196      9      0 
    5    549     90      -    100      0      0      0      0      0  13365   2287   8976      9      0 
    6    550     89      -    100      0      0      0      0      0  13365   2197   9316      9      0 
    7    549     85      -    100      0      0      0      0      0  13365   2197   9912      9      0 
    0    550     87      -    100      0      0      0      0      0  13365   2197  11492      9      0 
    1    549     88      -    100      0      0      0      0      0  13365   2362  16058      9      0 
    2    549     84      -    100      0      0      0      0      0  13365   2287   9892      9      0 
    3    549     78      -    100      0      0      0      0      0  13365   2227   6762      9      0 
    4    549     88      -    100      0      0      0      0      0  13365   2257   9196      9      0 
    5    550     90      -    100      0      0      0      0      0  13365   2287   8976      9      0 
    6    549     90      -    100      0      0      0      0      0  13365   2197   9316      9      0 
    7    549     85      -    100      0      0      0      0      0  13365   2197   9912      9      0 
    0    549     87      -    100      0      0      0      0      0  13365   2197  11492      9      0 
    1    549     88      -    100      0      0      0      0      0  13365   2362  16058      9      0 
    2    549     84      -    100      0      0      0      0      0  13365   2287   9892      9      0 
    3    549     78      -    100      0      0      0      0      0  13365   2310   6762      9      0 
    4    549     88      -    100      0      0      0      0      0  13365   2257   9196      9      0 
    5    549     90      -    100      0      0      0      0      0  13365   2287   8976      9      0 
    6    550     90      -    100      0      0      0      0      0  13365   2197   9316      9      0 
    7    549     85      -    100      0      0      0      0      0  13365   2197   9912      9      0 
    0    549     87      -    100      0      0      0      0      0  13365   2197  11492      9      0 
    1    549     88      -    100      0      0      0      0      0  13365   2362  16058      9      0 
    2    549     84      -    100      0      0      0      0      0  13365   2160  11484      9      0 
    3    549     78      -    100      0      0      0      0      0  13365   2317   6762      9      0 
    4    549     88      -    100      0      0      0      0      0  13365   2257   9196      9      0 
    5    549     90      -    100      0      0      0      0      0  13365   2287   8976      9      0 
    6    549     90      -    100      0      0      0      0      0  13365   2197   9316      9      0 
    7    549     85      -    100      0      0      0      0      0  13365   2197   9912      9      0 
    0    549     87      -    100      0      0      0      0      0  13365   2197  11492      9      0 
    1    549     88      -    100      0      0      0      0      0  13365   2362  16058      9      0 
    2    549     84      -    100      0      0      0      0      0  13365   2227  11484      9      0 
    3    549     78      -    100      0      0      0      0      0  13365   2317   6762      9      0 
    4    549     88      -    100      0      0      0      0      0  13365   2257   9196      9      0 
    5    550     90      -    100      0      0      0      0      0  13365   2287   8976      9      0 
    6    549     89      -    100      1      0      0      0      0  13365   2212   9316      9      0 
    7    549     85      -    100      0      0      0      0      0  13365   2197   9912      9      0 
# gpu    pwr  gtemp  mtemp     sm    mem    enc    dec    jpg    ofa   mclk   pclk     fb   bar1   ccpm 
# Idx      W      C      C      %      %      %      %      %      %    MHz    MHz     MB     MB     MB 
    0    549     87      -    100      0      0      0      0      0  13365   2197  11492      9      0 
    1    549     88      -    100      0      0      0      0      0  13365   2362  16058      9      0 
    2    550     84      -    100      0      0      0      0      0  13365   2227  11484      9      0 
    3    549     78      -    100      0      0      0      0      0  13365   2317   6762      9      0 
    4    549     88      -    100      0      0      0      0      0  13365   2257   9196      9      0 
    5    549     90      -    100      0      0      0      0      0  13365   2287   8976      9      0 
    6    550     90      -    100      0      0      0      0      0  13365   2212   9316      9      0 
    7    550     85      -    100      0      0      0      0      0  13365   2197   9912      9      0 
    0    549     87      -    100      0      0      0      0      0  13365   2197  11492      9      0 
    1    549     88      -    100      0      0      0      0      0  13365   2362  16058      9      0 
    2    549     84      -    100      0      0      0      0      0  13365   2227  11484      9      0 
    3    549     78      -    100      0      0      0      0      0  13365   2317   6762      9      0 
    4    549     88      -    100      0      0      0      0      0  13365   2257   9196      9      0 
    5    549     90      -    100      0      0      0      0      0  13365   2287   8976      9      0 
    6    549     90      -    100      0      0      0      0      0  13365   2205   9316      9      0 
    7    549     85      -    100      0      0      0      0      0  13365   2197   9912      9      0 
    0    549     87      -    100      0      0      0      0      0  13365   2197  11492      9      0 
    1    549     88      -    100      0      0      0      0      0  13365   2362  16058      9      0 
    2    549     84      -    100      0      0      0      0      0  13365   2227  11484      9      0 
    3    549     78      -    100      0      0      0      0      0  13365   2317   6762      9      0 
    4    549     88      -    100      0      0      0      0      0  13365   2130   9196      9      0 
    5    549     90      -    100      0      0      0      0      0  13365   2287   8976      9      0 
    6    549     90      -    100      0      0      0      0      0  13365   2212   9316      9      0 
    7    550     85      -    100      0      0      0      0      0  13365   2145   9912      9      0 
    0    549     87      -    100      0      0      0      0      0  13365   2197  11492      9      0 
    1    549     88      -    100      0      0      0      0      0  13365   2362  16058      9      0 
    2    549     84      -    100      0      0      0      0      0  13365   2227  11484      9      0 
    3    549     78      -    100      0      0      0      0      0  13365   2325   6762      9      0 
    4    549     88      -    100      0      0      0      0      0  13365   2137   9196      9      0 
    5    549     90      -    100      0      0      0      0      0  13365   2287   8976      9      0 
    6    549     89      -    100      0      0      0      0      0  13365   2190   9316      9      0 
    7    549     85      -    100      0      0      0      0      0  13365   2130   9912      9      0 
    0    549     87      -    100      0      0      0      0      0  13365   2197  11492      9      0 
    1    549     88      -    100      0      0      0      0      0  13365   2362  16058      9      0 
    2    549     84      -    100      0      0      0      0      0  13365   2227  11484      9      0 
    3    549     78      -    100      0      0      0      0      0  13365   2325   6762      9      0 
    4    549     88      -    100      0      0      0      0      0  13365   2137   9196      9      0 
    5    549     90      -    100      0      0      0      0      0  13365   2287   8976      9      0 
    6    550     90      -    100      0      0      0      0      0  13365   2167   9316      9      0 
    7    549     85      -    100      0      0      0      0      0  13365   2182   9912      9      0 
    0    550     87      -    100      0      0      0      0      0  13365   2197  11492      9      0 
    1    549     88      -    100      0      0      0      0      0  13365   2362  16058      9      0 
    2    549     84      -    100      0      0      0      0      0  13365   2227  11484      9      0 
    3    549     78      -    100      0      0      0      0      0  13365   2325   6762      9      0 
# gpu    pwr  gtemp  mtemp     sm    mem    enc    dec    jpg    ofa   mclk   pclk     fb   bar1   ccpm 
# Idx      W      C      C      %      %      %      %      %      %    MHz    MHz     MB     MB     MB 
    4    549     88      -    100      0      0      0      0      0  13365   2137   9196      9      0 
    5    549     90      -    100      0      0      0      0      0  13365   2205   8976      9      0 
    6    549     90      -    100      0      0      0      0      0  13365   2167   9316      9      0 
    7    549     85      -    100      0      0      0      0      0  13365   2152   9912      9      0 
    0    549     87      -    100      0      0      0      0      0  13365   2197  11492      9      0 
    1    549     88      -    100      0      0      0      0      0  13365   2362  16058      9      0 
    2    549     84      -    100      0      0      0      0      0  13365   2227  11484      9      0 
    3    549     78      -    100      0      0      0      0      0  13365   2325   6762      9      0 
    4    549     88      -    100      0      0      0      0      0  13365   2190   9196      9      0 
    5    550     91      -    100      0      0      0      0      0  13365   2130   8976      9      0 
    6    549     90      -    100      0      0      0      0      0  13365   2167   9316      9      0 
    7    549     85      -    100      0      0      0      0      0  13365   2227   9912      9      0 
    0    549     87      -    100      0      0      0      0      0  13365   2197  11492      9      0 
    1    549     88      -    100      0      0      0      0      0  13365   2362  16058      9      0 
    2    549     84      -    100      0      0      0      0      0  13365   2227  11484      9      0 
    3    549     78      -    100      0      0      0      0      0  13365   2325   6762      9      0 
    4    549     88      -    100      0      0      0      0      0  13365   2197   9196      9      0 
    5    550     91      -    100      0      0      0      0      0  13365   2145   8976      9      0 
    6    550     90      -    100      0      0      0      0      0  13365   2160   9316      9      0 
    7    549     85      -    100      0      0      0      0      0  13365   2212   9914      9      0 
    0    549     87      -    100      0      0      0      0      0  13365   2197  11492      9      0 
    1    549     88      -    100      0      0      0      0      0  13365   2362  16058      9      0 
    2    549     84      -    100      0      0      0      0      0  13365   2227  11484      9      0 
    3    549     78      -    100      0      0      0      0      0  13365   2325   6762      9      0 
    4    550     88      -    100      0      0      0      0      0  13365   2160   9196      9      0 
    5    549     91      -    100      0      0      0      0      0  13365   2197   8976      9      0 
    6    549     90      -    100      0      0      0      0      0  13365   2182   9316      9      0 
    7    550     85      -    100      0      0      0      0      0  13365   2235   9914      9      0 
    0    549     87      -    100      0      0      0      0      0  13365   2197  11492      9      0 
    1    549     88      -    100      0      0      0      0      0  13365   2362  16058      9      0 
    2    550     84      -    100      0      0      0      0      0  13365   2227  11484      9      0 
    3    549     78      -    100      0      0      0      0      0  13365   2325   6762      9      0 
    4    549     88      -    100      0      0      0      0      0  13365   2235   9196      9      0 
    5    549     91      -    100      0      0      0      0      0  13365   2197   8976      9      0 
    6    549     89      -    100      0      0      0      0      0  13365   2235   9316      9      0 
    7    550     85      -    100      0      0      0      0      0  13365   2197   9914      9      0 
    0    549     87      -    100      0      0      0      0      0  13365   2197  11492      9      0 
    1    549     88      -    100      0      0      0      0      0  13365   2362  16058      9      0 
    2    549     84      -    100      0      0      0      0      0  13365   2227  11484      9      0 
    3    549     78      -    100      0      0      0      0      0  13365   2295   6762      9      0 
    4    549     88      -    100      0      0      0      0      0  13365   2235   9196      9      0 
    5    549     91      -    100      0      0      0      0      0  13365   2197   8976      9      0 
    6    549     89      -    100      0      0      0      0      0  13365   2235   9316      9      0 
    7    549     85      -    100      0      0      0      0      0  13365   2220   9916      9      0 
# gpu    pwr  gtemp  mtemp     sm    mem    enc    dec    jpg    ofa   mclk   pclk     fb   bar1   ccpm 
# Idx      W      C      C      %      %      %      %      %      %    MHz    MHz     MB     MB     MB 
    0    549     87      -    100      0      0      0      0      0  13365   2197  11492      9      0 
    1    549     88      -    100      0      0      0      0      0  13365   2362  16058      9      0 
    2    549     84      -    100      0      0      0      0      0  13365   2227  11484      9      0 
    3    549     78      -    100      0      0      0      0      0  13365   2287   6762      9      0 
    4    549     88      -    100      0      0      0      0      0  13365   2242   9196      9      0 
    5    549     91      -    100      0      0      0      0      0  13365   2197   8976      9      0 
    6    549     89      -    100      0      0      0      0      0  13365   2235   9316      9      0 
    7    549     85      -    100      0      0      0      0      0  13365   2220   9916      9      0 
    0    550     87      -    100      0      0      0      0      0  13365   2197  11492      9      0 
    1    549     88      -    100      0      0      0      0      0  13365   2362  16058      9      0 
    2    549     84      -    100      0      0      0      0      0  13365   2227  11484      9      0 
    3    550     78      -    100      0      0      0      0      0  13365   2295   6762      9      0 
    4    549     88      -    100      0      0      0      0      0  13365   2220   9196      9      0 
    5    550     91      -    100      0      0      0      0      0  13365   2197   8976      9      0 
    6    549     89      -    100      0      0      0      0      0  13365   2235   9316      9      0 
    7    550     85      -    100      0      0      0      0      0  13365   2220   9916      9      0 
    0    549     87      -    100      0      0      0      0      0  13365   2182  11494      9      0 
    1    549     88      -    100      0      0      0      0      0  13365   2362  16058      9      0 
    2    550     84      -    100      0      0      0      0      0  13365   2227  11484      9      0 
    3    550     78      -    100      1      0      0      0      0  13365   2280   6762      9      0 
    4    549     88      -    100      0      0      0      0      0  13365   2182   9196      9      0 
    5    549     91      -    100      0      0      0      0      0  13365   2197   8976      9      0 
    6    549     89      -    100      0      0      0      0      0  13365   2242   9316      9      0 
    7    549     85      -    100      0      0      0      0      0  13365   2220   9916      9      0 
    0    550     87      -    100      0      0      0      0      0  13365   2145  11494      9      0 
    1    549     88      -    100      0      0      0      0      0  13365   2362  16058      9      0 
    2    549     84      -    100      0      0      0      0      0  13365   2227  11484      9      0 
    3    549     78      -    100      0      0      0      0      0  13365   2280   6762      9      0 
    4    549     88      -    100      0      0      0      0      0  13365   2205   9196      9      0 
    5    550     91      -    100      0      0      0      0      0  13365   2197   8976      9      0 
    6    550     89      -    100      0      0      0      0      0  13365   2235   9316      9      0 
    7    549     85      -    100      0      0      0      0      0  13365   2220   9916      9      0 
    0    549     87      -    100      0      0      0      0      0  13365   2107  11494      9      0 
    1    549     88      -    100      0      0      0      0      0  13365   2362  16058      9      0 
    2    549     84      -    100      0      0      0      0      0  13365   2227  11484      9      0 
    3    549     78      -    100      0      0      0      0      0  13365   2280   6762      9      0 
    4    550     88      -    100      0      0      0      0      0  13365   2227   9196      9      0 
    5    549     91      -    100      0      0      0      0      0  13365   2145   8976      9      0 
    6    549     89      -    100      0      0      0      0      0  13365   2242   9316      9      0 
    7    549     85      -    100      0      0      0      0      0  13365   2220   9916      9      0 
    0    550     87      -    100      0      0      0      0      0  13365   2107  11494      9      0 
    1    549     88      -    100      0      0      0      0      0  13365   2362  16058      9      0 
    2    549     84      -    100      0      0      0      0      0  13365   2227  11484      9      0 
    3    549     78      -    100      0      0      0      0      0  13365   2347   6762      9      0 
# gpu    pwr  gtemp  mtemp     sm    mem    enc    dec    jpg    ofa   mclk   pclk     fb   bar1   ccpm 
# Idx      W      C      C      %      %      %      %      %      %    MHz    MHz     MB     MB     MB 
    4    549     88      -    100      0      0      0      0      0  13365   2182   9196      9      0 
    5    550     91      -    100      0      0      0      0      0  13365   2130   8976      9      0 
    6    550     90      -    100      0      0      0      0      0  13365   2227   9316      9      0 
    7    549     85      -    100      0      0      0      0      0  13365   2227   9916      9      0 
    0    550     87      -    100      0      0      0      0      0  13365   2107  11494      9      0 
    1    549     88      -    100      0      0      0      0      0  13365   2362  16058      9      0 
    2    549     84      -    100      0      0      0      0      0  13365   2227  11484      9      0 
    3    549     78      -    100      0      0      0      0      0  13365   2377   6762      9      0 
    4    549     88      -    100      0      0      0      0      0  13365   2182   9196      9      0 
    5    549     91      -    100      0      0      0      0      0  13365   2137   8976      9      0 
    6    549     90      -    100      0      0      0      0      0  13365   2190   9316      9      0 
    7    550     85      -    100      0      0      0      0      0  13365   2220   9916      9      0 
    0    549     87      -    100      0      0      0      0      0  13365   2122  11494      9      0 
    1    549     88      -    100      0      0      0      0      0  13365   2362  16058      9      0 
    2    549     84      -    100      0      0      0      0      0  13365   2227  11484      9      0 
    3    549     78      -    100      0      0      0      0      0  13365   2377   6762      9      0 
    4    550     88      -    100      0      0      0      0      0  13365   2182   9196      9      0 
    5    549     91      -    100      0      0      0      0      0  13365   2145   8976      9      0 
    6    549     90      -    100      0      0      0      0      0  13365   2190   9316      9      0 
    7    550     85      -    100      0      0      0      0      0  13365   2220   9916      9      0 
    0    549     87      -    100      0      0      0      0      0  13365   2190  11494      9      0 
    1    549     88      -    100      0      0      0      0      0  13365   2362  16058      9      0 
    2    549     84      -    100      0      0      0      0      0  13365   2227  11484      9      0 
    3    549     78      -    100      0      0      0      0      0  13365   2377   6762      9      0 
    4    549     88      -    100      0      0      0      0      0  13365   2152   9196      9      0 
    5    549     91      -    100      0      0      0      0      0  13365   2167   8976      9      0 
    6    549     90      -    100      0      0      0      0      0  13365   2190   9316      9      0 
    7    549     85      -    100      0      0      0      0      0  13365   2220   9916      9      0 
    0    549     87      -    100      0      0      0      0      0  13365   2190  11494      9      0 
    1    549     88      -    100      0      0      0      0      0  13365   2362  16058      9      0 
    2    550     84      -    100      0      0      0      0      0  13365   2227  11484      9      0 
    3    549     78      -    100      0      0      0      0      0  13365   2377   6762      9      0 
    4    549     88      -    100      0      0      0      0      0  13365   2182   9196      9      0 
    5    549     91      -    100      0      0      0      0      0  13365   2175   8976      9      0 
    6    549     89      -    100      0      0      0      0      0  13365   2167   9316      9      0 
    7    549     85      -    100      0      0      0      0      0  13365   2220   9916      9      0 
    0    550     87      -    100      0      0      0      0      0  13365   2190  11494      9      0 
    1    549     88      -    100      0      0      0      0      0  13365   2362  16058      9      0 
    2    549     85      -    100      0      0      0      0      0  13365   2227  11484      9      0 
    3    550     79      -    100      0      0      0      0      0  13365   2265   6762      9      0 
    4    549     88      -    100      0      0      0      0      0  13365   2152   9196      9      0 
    5    550     91      -    100      0      0      0      0      0  13365   2152   8978      9      0 
    6    549     90      -    100      1      0      0      0      0  13365   2227   9316      9      0 
    7    549     85      -    100      0      0      0      0      0  13365   2220   9916      9      0 
# gpu    pwr  gtemp  mtemp     sm    mem    enc    dec    jpg    ofa   mclk   pclk     fb   bar1   ccpm 
# Idx      W      C      C      %      %      %      %      %      %    MHz    MHz     MB     MB     MB 
    0    549     87      -    100      0      0      0      0      0  13365   2182  11494      9      0 
    1    549     88      -    100      0      0      0      0      0  13365   2362  16058      9      0 
    2    549     85      -    100      0      0      0      0      0  13365   2227  11484      9      0 
    3    549     79      -    100      0      0      0      0      0  13365   2265   6762      9      0 
    4    549     88      -    100      0      0      0      0      0  13365   2235   9196      9      0 
    5    549     91      -    100      0      0      0      0      0  13365   2227   8978      9      0 
    6    549     90      -    100      0      0      0      0      0  13365   2212   9316      9      0 
    7    549     85      -    100      0      0      0      0      0  13365   2220   9916      9      0 
    0    549     87      -    100      0      0      0      0      0  13365   2190  11494      9      0 
    1    549     88      -    100      0      0      0      0      0  13365   2362  16058      9      0 
    2    549     85      -    100      1      0      0      0      0  13365   2167  11484      9      0 
    3    549     79      -    100      0      0      0      0      0  13365   2265   6762      9      0 
    4    549     88      -    100      0      0      0      0      0  13365   2175   9196      9      0 
    5    549     91      -    100      0      0      0      0      0  13365   2167   8978      9      0 
    6    549     90      -    100      0      0      0      0      0  13365   2212   9316      9      0 
    7    549     85      -    100      0      0      0      0      0  13365   2167   9916      9      0 
    0    550     87      -    100      0      0      0      0      0  13365   2160  11494      9      0 
    1    549     88      -    100      0      0      0      0      0  13365   2362  16058      9      0 
    2    549     85      -    100      0      0      0      0      0  13365   2205  11484      9      0 
    3    549     79      -    100      0      0      0      0      0  13365   2265   6762      9      0 
    4    549     88      -    100      0      0      0      0      0  13365   2175   9196      9      0 
    5    549     91      -    100      1      0      0      0      0  13365   2212   8978      9      0 
    6    549     90      -    100      0      0      0      0      0  13365   2242   9316      9      0 
    7    549     85      -    100      0      0      0      0      0  13365   2190   9916      9      0 
    0    549     87      -    100      0      0      0      0      0  13365   2115  11494      9      0 
    1    549     88      -    100      0      0      0      0      0  13365   2362  16058      9      0 
    2    549     85      -    100      0      0      0      0      0  13365   2197  11484      9      0 
    3    549     78      -    100      0      0      0      0      0  13365   2370   6762      9      0 
    4    549     88      -    100      0      0      0      0      0  13365   2175   9196      9      0 
    5    550     91      -    100      0      0      0      0      0  13365   2175   8978      9      0 
    6    549     90      -    100      0      0      0      0      0  13365   2242   9316      9      0 
    7    550     85      -    100      0      0      0      0      0  13365   2212   9916      9      0 
    0    550     87      -    100      0      0      0      0      0  13365   2115  11494      9      0 
    1    549     88      -    100      0      0      0      0      0  13365   2362  16058      9      0 
    2    550     85      -    100      0      0      0      0      0  13365   2197  11484      9      0 
    3    549     78      -    100      0      0      0      0      0  13365   2370   6762      9      0 
    4    549     88      -    100      0      0      0      0      0  13365   2205   9196      9      0 
    5    549     91      -    100      0      0      0      0      0  13365   2175   8978      9      0 
    6    549     90      -    100      0      0      0      0      0  13365   2250   9316      9      0 
    7    549     85      -    100      0      0      0      0      0  13365   2212   9916      9      0 
    0    549     87      -    100      0      0      0      0      0  13365   2115  11494      9      0 
    1    549     88      -    100      0      0      0      0      0  13365   2362  16058      9      0 
    2    549     84      -    100      0      0      0      0      0  13365   2190  11484      9      0 
    3    549     78      -    100      0      0      0      0      0  13365   2370   6762      9      0 
# gpu    pwr  gtemp  mtemp     sm    mem    enc    dec    jpg    ofa   mclk   pclk     fb   bar1   ccpm 
# Idx      W      C      C      %      %      %      %      %      %    MHz    MHz     MB     MB     MB 
    4    549     88      -    100      0      0      0      0      0  13365   2167   9196      9      0 
    5    549     91      -    100      0      0      0      0      0  13365   2175   8978      9      0 
    6    549     90      -    100      0      0      0      0      0  13365   2242   9316      9      0 
    7    550     85      -    100      0      0      0      0      0  13365   2205   9916      9      0 
    0    549     87      -    100      0      0      0      0      0  13365   2197  11494      9      0 
    1    549     88      -    100      0      0      0      0      0  13365   2362  16058      9      0 
    2    549     85      -    100      0      0      0      0      0  13365   2197  11484      9      0 
    3    549     78      -    100      0      0      0      0      0  13365   2370   6762      9      0 
    4    549     88      -    100      0      0      0      0      0  13365   2220   9196      9      0 
    5    549     91      -    100      0      0      0      0      0  13365   2182   8978      9      0 
    6    549     90      -    100      0      0      0      0      0  13365   2160   9316      9      0 
    7    549     85      -    100      0      0      0      0      0  13365   2167   9916      9      0 
    0    549     88      -    100      0      0      0      0      0  13365   2175  11494      9      0 
    1    549     88      -    100      0      0      0      0      0  13365   2362  16058      9      0 
    2    549     85      -    100      0      0      0      0      0  13365   2197  11484      9      0 
    3    550     79      -    100      0      0      0      0      0  13365   2370   6762      9      0 
    4    549     88      -    100      0      0      0      0      0  13365   2220   9196      9      0 
    5    550     91      -    100      0      0      0      0      0  13365   2145   8978      9      0 
    6    549     90      -    100      0      0      0      0      0  13365   2160   9316      9      0 
    7    549     85      -    100      0      0      0      0      0  13365   2220   9916      9      0 
    0    550     88      -    100      0      0      0      0      0  13365   2130  11494      9      0 
    1    549     88      -    100      0      0      0      0      0  13365   2362  16058      9      0 
    2    549     85      -    100      0      0      0      0      0  13365   2197  11484      9      0 
    3    549     78      -    100      0      0      0      0      0  13365   2370   6762      9      0 
    4    549     88      -    100      0      0      0      0      0  13365   2212   9196      9      0 
    5    549     91      -    100      0      0      0      0      0  13365   2152   8978      9      0 
    6    549     90      -    100      0      0      0      0      0  13365   2160   9316      9      0 
    7    549     85      -    100      0      0      0      0      0  13365   2227   9916      9      0 
    0    549     87      -    100      0      0      0      0      0  13365   2182  11494      9      0 
    1    549     88      -    100      0      0      0      0      0  13365   2362  16058      9      0 
    2    549     85      -    100      0      0      0      0      0  13365   2205  11484      9      0 
    3    549     79      -    100      0      0      0      0      0  13365   2242   6762      9      0 
    4    549     88      -    100      0      0      0      0      0  13365   2220   9196      9      0 
    5    549     91      -    100      0      0      0      0      0  13365   2145   8978      9      0 
    6    549     89      -    100      0      0      0      0      0  13365   2212   9316      9      0 
    7    549     85      -    100      0      0      0      0      0  13365   2220   9916      9      0 
    0    550     87      -    100      0      0      0      0      0  13365   2122  11494      9      0 
    1    549     88      -    100      0      0      0      0      0  13365   2362  16058      9      0 
    2    549     85      -    100      0      0      0      0      0  13365   2182  11484      9      0 
    3    549     79      -    100      0      0      0      0      0  13365   2310   6762      9      0 
    4    550     88      -    100      1      0      0      0      0  13365   2152   9196      9      0 
    5    549     91      -    100      0      0      0      0      0  13365   2167   8978      9      0 
    6    549     89      -    100      0      0      0      0      0  13365   2250   9316      9      0 
    7    550     85      -    100      0      0      0      0      0  13365   2220   9916      9      0 
# gpu    pwr  gtemp  mtemp     sm    mem    enc    dec    jpg    ofa   mclk   pclk     fb   bar1   ccpm 
# Idx      W      C      C      %      %      %      %      %      %    MHz    MHz     MB     MB     MB 
    0    549     87      -    100      0      0      0      0      0  13365   2182  11494      9      0 
    1    549     88      -    100      0      0      0      0      0  13365   2362  16058      9      0 
    2    549     85      -    100      0      0      0      0      0  13365   2220  11484      9      0 
    3    549     79      -    100      0      0      0      0      0  13365   2332   6762      9      0 
    4    549     88      -    100      0      0      0      0      0  13365   2152   9196      9      0 
    5    549     91      -    100      0      0      0      0      0  13365   2167   8978      9      0 
    6    549     90      -    100      0      0      0      0      0  13365   2220   9316      9      0 
    7    549     85      -    100      0      0      0      0      0  13365   2227   9916      9      0 
    0    549     87      -    100      0      0      0      0      0  13365   2182  11494      9      0 
    1    549     88      -    100      0      0      0      0      0  13365   2362  16058      9      0 
    2    529     85      -    100      0      0      0      0      0  13365   2595  11486      9      0 
    3    549     79      -    100      0      0      0      0      0  13365   2332   6762      9      0 
    4    549     88      -    100      0      0      0      0      0  13365   2160   9200      9      0 
    5    549     91      -    100      0      0      0      0      0  13365   2167   8978      9      0 
    6    550     89      -    100      0      0      0      0      0  13365   2182   9318      9      0 
    7    550     85      -    100      0      0      0      0      0  13365   2220   9916      9      0 
    0    549     87      -    100      0      0      0      0      0  13365   2182  11494      9      0 
    1    549     88      -    100      0      0      0      0      0  13365   2355  16058      9      0 
    2    564     85      -    100      0      0      0      0      0  13365   2175  11486      9      0 
    3    549     79      -    100      0      0      0      0      0  13365   2332   6762      9      0 
    4    549     88      -    100      0      0      0      0      0  13365   2182   9200      9      0 
    5    549     91      -    100      0      0      0      0      0  13365   2167   8978      9      0 
    6    549     89      -    100      0      0      0      0      0  13365   2205   9318      9      0 
    7    549     85      -    100      0      0      0      0      0  13365   2220   9916      9      0 
    0    549     87      -    100      0      0      0      0      0  13365   2190  11494      9      0 
    1    549     88      -    100      0      0      0      0      0  13365   2362  16058      9      0 
    2    549     85      -    100      1      0      0      0      0  13365   2190  11486      9      0 
    3    549     79      -    100      0      0      0      0      0  13365   2302   6762      9      0 
    4    549     88      -    100      0      0      0      0      0  13365   2220   9200      9      0 
    5    549     91      -    100      1      0      0      0      0  13365   2137   8978      9      0 
    6    549     89      -    100      0      0      0      0      0  13365   2235   9318      9      0 
    7    549     85      -    100      0      0      0      0      0  13365   2220   9916      9      0 
    0    549     88      -    100      0      0      0      0      0  13365   2167  11494      9      0 
    1    549     88      -    100      0      0      0      0      0  13365   2362  16058      9      0 
    2    549     85      -    100      0      0      0      0      0  13365   2235  11486      9      0 
    3    549     79      -    100      0      0      0      0      0  13365   2332   6762      9      0 
    4    549     88      -    100      0      0      0      0      0  13365   2212   9200      9      0 
    5    549     91      -    100      0      0      0      0      0  13365   2182   8978      9      0 
    6    550     90      -    100      0      0      0      0      0  13365   2235   9318      9      0 
    7    549     85      -    100      0      0      0      0      0  13365   2220   9916      9      0 
    0    549     88      -    100      0      0      0      0      0  13365   2152  11494      9      0 
    1    549     88      -    100      0      0      0      0      0  13365   2362  16058      9      0 
    2    549     85      -    100      0      0      0      0      0  13365   2235  11486      9      0 
    3    549     79      -    100      0      0      0      0      0  13365   2332   6762      9      0 
# gpu    pwr  gtemp  mtemp     sm    mem    enc    dec    jpg    ofa   mclk   pclk     fb   bar1   ccpm 
# Idx      W      C      C      %      %      %      %      %      %    MHz    MHz     MB     MB     MB 
    4    549     88      -    100      0      0      0      0      0  13365   2212   9200      9      0 
    5    550     90      -    100      0      0      0      0      0  13365   2182   8978      9      0 
    6    549     90      -    100      0      0      0      0      0  13365   2235   9318      9      0 
    7    549     85      -    100      0      0      0      0      0  13365   2220   9916      9      0 
    0    549     87      -    100      0      0      0      0      0  13365   2175  11494      9      0 
    1    549     88      -    100      0      0      0      0      0  13365   2355  16058      9      0 
    2    549     85      -    100      0      0      0      0      0  13365   2235  11486      9      0 
    3    549     79      -    100      0      0      0      0      0  13365   2332   6762      9      0 
    4    549     88      -    100      0      0      0      0      0  13365   2160   9200      9      0 
    5    549     91      -    100      0      0      0      0      0  13365   2182   8978      9      0 
    6    549     90      -    100      0      0      0      0      0  13365   2175   9318      9      0 
    7    549     85      -    100      0      0      0      0      0  13365   2242   9916      9      0 
    0    549     88      -    100      0      0      0      0      0  13365   2197  11494      9      0 
    1    549     88      -    100      0      0      0      0      0  13365   2362  16058      9      0 
    2    549     85      -    100      0      0      0      0      0  13365   2190  11486      9      0 
    3    549     79      -    100      0      0      0      0      0  13365   2272   6762      9      0 
    4    549     88      -    100      0      0      0      0      0  13365   2175   9200      9      0 
    5    550     91      -    100      0      0      0      0      0  13365   2182   8978      9      0 
    6    549     90      -    100      0      0      0      0      0  13365   2175   9318      9      0 
    7    549     85      -    100      0      0      0      0      0  13365   2242   9916      9      0 
    0    549     88      -    100      0      0      0      0      0  13365   2130  11494      9      0 
    1    549     88      -    100      0      0      0      0      0  13365   2362  16058      9      0 
    2    549     85      -    100      0      0      0      0      0  13365   2235  11486      9      0 
    3    549     79      -    100      0      0      0      0      0  13365   2287   6762      9      0 
    4    550     88      -    100      0      0      0      0      0  13365   2175   9200      9      0 
    5    549     91      -    100      0      0      0      0      0  13365   2152   8978      9      0 
    6    549     90      -    100      0      0      0      0      0  13365   2175   9318      9      0 
    7    549     85      -    100      0      0      0      0      0  13365   2242   9916      9      0 
    0    549     87      -    100      0      0      0      0      0  13365   2197  11494      9      0 
    1    549     88      -    100      0      0      0      0      0  13365   2362  16058      9      0 
    2    549     85      -    100      0      0      0      0      0  13365   2235  11486      9      0 
    3    549     78      -    100      0      0      0      0      0  13365   2287   6762      9      0 
    4    549     88      -    100      0      0      0      0      0  13365   2175   9200      9      0 
    5    549     91      -    100      0      0      0      0      0  13365   2160   8978      9      0 
    6    549     89      -    100      0      0      0      0      0  13365   2190   9318      9      0 
    7    549     85      -    100      1      0      0      0      0  13365   2137   9916      9      0 
    0    549     87      -    100      0      0      0      0      0  13365   2197  11494      9      0 
    1    549     88      -    100      0      0      0      0      0  13365   2362  16058      9      0 
    2    550     85      -    100      0      0      0      0      0  13365   2235  11486      9      0 
    3    549     79      -    100      0      0      0      0      0  13365   2355   6762      9      0 
    4    550     88      -    100      0      0      0      0      0  13365   2175   9200      9      0 
    5    549     91      -    100      0      0      0      0      0  13365   2160   8978      9      0 
    6    550     90      -    100      0      0      0      0      0  13365   2190   9318      9      0 
    7    549     85      -    100      0      0      0      0      0  13365   2205   9916      9      0 
# gpu    pwr  gtemp  mtemp     sm    mem    enc    dec    jpg    ofa   mclk   pclk     fb   bar1   ccpm 
# Idx      W      C      C      %      %      %      %      %      %    MHz    MHz     MB     MB     MB 
    0    550     87      -    100      0      0      0      0      0  13365   2197  11494      9      0 
    1    549     88      -    100      0      0      0      0      0  13365   2362  16058      9      0 
    2    549     85      -    100      0      0      0      0      0  13365   2235  11486      9      0 
    3    549     79      -    100      0      0      0      0      0  13365   2355   6762      9      0 
    4    549     88      -    100      0      0      0      0      0  13365   2175   9200      9      0 
    5    549     91      -    100      0      0      0      0      0  13365   2160   8978      9      0 
    6    549     89      -    100      0      0      0      0      0  13365   2190   9318      9      0 
    7    549     85      -    100      0      0      0      0      0  13365   2205   9916      9      0 
    0    549     87      -    100      0      0      0      0      0  13365   2197  11494      9      0 
    1    549     89      -    100      0      0      0      0      0  13365   2362  16058      9      0 
    2    550     85      -    100      0      0      0      0      0  13365   2235  11486      9      0 
    3    549     79      -    100      0      0      0      0      0  13365   2355   6762      9      0 
    4    549     88      -    100      0      0      0      0      0  13365   2175   9200      9      0 
    5    549     90      -    100      0      0      0      0      0  13365   2145   8978      9      0 
    6    549     90      -    100      0      0      0      0      0  13365   2190   9318      9      0 
    7    550     85      -    100      0      0      0      0      0  13365   2205   9916      9      0 
    0    549     87      -    100      0      0      0      0      0  13365   2197  11494      9      0 
    1    549     88      -    100      0      0      0      0      0  13365   2362  16058      9      0 
    2    550     85      -    100      0      0      0      0      0  13365   2227  11486      9      0 
    3    549     79      -    100      0      0      0      0      0  13365   2325   6762      9      0 
    4    549     88      -    100      0      0      0      0      0  13365   2182   9200      9      0 
    5    549     91      -    100      0      0      0      0      0  13365   2152   8978      9      0 
    6    549     89      -    100      0      0      0      0      0  13365   2212   9318      9      0 
    7    550     85      -    100      0      0      0      0      0  13365   2205   9916      9      0 
    0    549     87      -    100      0      0      0      0      0  13365   2197  11494      9      0 
    1    549     88      -    100      0      0      0      0      0  13365   2362  16058      9      0 
    2    549     85      -    100      0      0      0      0      0  13365   2235  11486      9      0 
    3    549     79      -    100      0      0      0      0      0  13365   2302   6762      9      0 
    4    549     88      -    100      0      0      0      0      0  13365   2227   9200      9      0 
    5    550     91      -    100      0      0      0      0      0  13365   2197   8978      9      0 
    6    549     89      -    100      0      0      0      0      0  13365   2205   9318      9      0 
    7    549     85      -    100      0      0      0      0      0  13365   2205   9916      9      0 
    0    549     87      -    100      0      0      0      0      0  13365   2197  11494      9      0 
    1    549     88      -    100      0      0      0      0      0  13365   2355  16058      9      0 
    2    549     85      -    100      0      0      0      0      0  13365   2235  11486      9      0 
    3    550     79      -    100      0      0      0      0      0  13365   2302   6764      9      0 
    4    549     88      -    100      0      0      0      0      0  13365   2227   9200      9      0 
    5    549     91      -    100      0      0      0      0      0  13365   2160   8978      9      0 
    6    549     89      -    100      0      0      0      0      0  13365   2205   9320      9      0 
    7    549     85      -    100      0      0      0      0      0  13365   2205   9916      9      0 
    0    550     87      -    100      0      0      0      0      0  13365   2197  11494      9      0 
    1    549     88      -    100      0      0      0      0      0  13365   2355  16058      9      0 
    2    550     85      -    100      0      0      0      0      0  13365   2235  11486      9      0 
    3    549     79      -    100      0      0      0      0      0  13365   2302   6764      9      0 
# gpu    pwr  gtemp  mtemp     sm    mem    enc    dec    jpg    ofa   mclk   pclk     fb   bar1   ccpm 
# Idx      W      C      C      %      %      %      %      %      %    MHz    MHz     MB     MB     MB 
    4    549     88      -    100      0      0      0      0      0  13365   2227   9200      9      0 
    5    549     90      -    100      0      0      0      0      0  13365   2197   8978      9      0 
    6    550     89      -    100      0      0      0      0      0  13365   2205   9320      9      0 
    7    550     85      -    100      0      0      0      0      0  13365   2205   9916      9      0 
    0    549     87      -    100      0      0      0      0      0  13365   2175  11494      9      0 
    1    549     89      -    100      0      0      0      0      0  13365   2362  16058      9      0 
    2    549     85      -    100      0      0      0      0      0  13365   2227  11486      9      0 
    3    549     79      -    100      0      0      0      0      0  13365   2302   6764      9      0 
    4    549     88      -    100      0      0      0      0      0  13365   2227   9200      9      0 
    5    549     91      -    100      0      0      0      0      0  13365   2152   8978      9      0 
    6    549     89      -    100      0      0      0      0      0  13365   2190   9320      9      0 
    7    549     85      -    100      0      0      0      0      0  13365   2205   9916      9      0 
