K=3776 shift=101 alive=403 dead=11 Tlast~2.07e+17
per-term pass: obs 0.71768  model 0.71554  ratio 1.0030  (+-0.0043)
runhist: 1 10 0 0 6 15 31 56 65 45 46 49 21 27 15 5 7 3 4 0 2 1 1 0 1 0 0 1 0 2 0 0 0 0 0 0 0 0 0 0 0 0 0 0 0 0 0 0 0 0 0 0 0 0 0 0 0 0 0
K=3776 shift=102 alive=442 dead=8 Tlast~2.08e+17
per-term pass: obs 0.72063  model 0.71548  ratio 1.0072  (+-0.0041)
runhist: 3 5 0 0 4 11 39 69 78 49 56 48 20 31 12 7 6 6 1 1 0 0 1 0 1 0 1 0 0 1 0 0 0 0 0 0 0 0 0 0 0 0 0 0 0 0 0 0 0 0 0 0 0 0 0 0 0 0 0
K=3776 shift=103 alive=459 dead=12 Tlast~2.1e+17
per-term pass: obs 0.71982  model 0.71541  ratio 1.0062  (+-0.0040)
runhist: 3 9 0 0 4 21 39 57 74 53 57 47 33 26 9 5 9 6 9 2 4 0 2 0 0 1 0 0 0 1 0 0 0 0 0 0 0 0 0 0 0 0 0 0 0 0 0 0 0 0 0 0 0 0 0 0 0 0 0
K=3776 shift=104 alive=484 dead=11 Tlast~2.11e+17
per-term pass: obs 0.71730  model 0.71535  ratio 1.0027  (+-0.0039)
runhist: 1 10 0 0 4 18 45 68 82 57 49 51 26 29 15 7 6 11 10 0 2 0 2 0 1 0 0 0 0 1 0 0 0 0 0 0 0 0 0 0 0 0 0 0 0 0 0 0 0 0 0 0 0 0 0 0 0 0 0
K=3776 shift=105 alive=471 dead=9 Tlast~2.12e+17
per-term pass: obs 0.71491  model 0.71528  ratio 0.9995  (+-0.0040)
runhist: 0 9 0 0 4 15 51 58 82 58 61 36 27 25 13 15 10 2 4 6 1 1 0 1 0 0 0 0 0 1 0 0 0 0 0 0 0 0 0 0 0 0 0 0 0 0 0 0 0 0 0 0 0 0 0 0 0 0 0
K=3776 shift=106 alive=463 dead=8 Tlast~2.13e+17
per-term pass: obs 0.71386  model 0.71522  ratio 0.9981  (+-0.0040)
runhist: 1 7 0 0 4 23 46 65 72 62 55 32 25 24 12 16 9 7 3 6 2 0 0 0 0 0 0 0 0 0 0 0 0 0 0 0 0 0 0 0 0 0 0 0 0 0 0 0 0 0 0 0 0 0 0 0 0 0 0
K=3776 shift=107 alive=461 dead=6 Tlast~2.14e+17
per-term pass: obs 0.71198  model 0.71515  ratio 0.9956  (+-0.0040)
runhist: 2 4 0 0 3 21 41 72 70 58 51 39 32 21 14 16 10 5 3 4 0 1 0 0 0 0 0 0 0 0 0 0 0 0 0 0 0 0 0 0 0 0 0 0 0 0 0 0 0 0 0 0 0 0 0 0 0 0 0
K=3776 shift=108 alive=453 dead=12 Tlast~2.16e+17
per-term pass: obs 0.71302  model 0.71509  ratio 0.9971  (+-0.0040)
runhist: 4 8 0 2 6 16 45 61 68 74 60 37 21 18 13 9 4 6 6 3 1 2 0 0 0 0 1 0 0 0 0 0 0 0 0 0 0 0 0 0 0 0 0 0 0 0 0 0 0 0 0 0 0 0 0 0 0 0 0
K=3776 shift=109 alive=461 dead=8 Tlast~2.17e+17
per-term pass: obs 0.71299  model 0.71503  ratio 0.9972  (+-0.0040)
runhist: 2 6 0 2 4 16 47 61 62 77 61 34 30 14 12 13 9 7 4 3 1 2 0 0 1 0 1 0 0 0 0 0 0 0 0 0 0 0 0 0 0 0 0 0 0 0 0 0 0 0 0 0 0 0 0 0 0 0 0
K=3776 shift=110 alive=447 dead=7 Tlast~2.18e+17
per-term pass: obs 0.70771  model 0.71497  ratio 0.9898  (+-0.0041)
runhist: 3 4 0 1 6 25 45 67 65 79 47 25 25 18 17 7 7 6 1 1 1 2 0 0 1 0 1 0 0 0 0 0 0 0 0 0 0 0 0 0 0 0 0 0 0 0 0 0 0 0 0 0 0 0 0 0 0 0 0
K=3776 shift=111 alive=443 dead=9 Tlast~2.19e+17
per-term pass: obs 0.71301  model 0.71491  ratio 0.9973  (+-0.0041)
runhist: 4 5 0 0 3 19 38 49 76 62 61 36 32 16 21 9 12 3 1 1 1 1 0 0 1 0 1 0 0 0 0 0 0 0 0 0 0 0 0 0 0 0 0 0 0 0 0 0 0 0 0 0 0 0 0 0 0 0 0
K=3776 shift=112 alive=454 dead=7 Tlast~2.21e+17
per-term pass: obs 0.71700  model 0.71484  ratio 1.0030  (+-0.0040)
runhist: 2 5 0 1 3 19 48 52 66 57 57 48 32 20 20 7 6 4 6 1 2 3 1 0 0 1 0 0 0 0 0 0 0 0 0 0 0 0 0 0 0 0 0 0 0 0 0 0 0 0 0 0 0 0 0 0 0 0 0
K=3776 shift=113 alive=437 dead=8 Tlast~2.22e+17
per-term pass: obs 0.71712  model 0.71478  ratio 1.0033  (+-0.0041)
runhist: 0 8 0 0 2 19 50 54 52 61 47 47 39 17 13 7 9 7 7 0 3 2 0 0 1 0 0 0 0 0 0 0 0 0 0 0 0 0 0 0 0 0 0 0 0 0 0 0 0 0 0 0 0 0 0 0 0 0 0
K=3776 shift=114 alive=479 dead=8 Tlast~2.23e+17
per-term pass: obs 0.71618  model 0.71472  ratio 1.0020  (+-0.0039)
runhist: 1 7 0 1 4 28 45 55 60 67 56 45 40 23 15 7 10 7 6 0 3 3 1 1 1 0 0 1 0 0 0 0 0 0 0 0 0 0 0 0 0 0 0 0 0 0 0 0 0 0 0 0 0 0 0 0 0 0 0
