K=59 shift=100 alive=514 dead=9 Tlast~1.25e+17
per-term pass: obs 0.71558  model 0.71799  ratio 0.9966  (+-0.0038)
runhist: 3 6 0 0 2 24 41 47 71 106 53 48 35 26 18 14 4 2 9 2 5 0 1 0 3 0 3 0 0 0 0 0 0 0 0 0 0 0 0 0 0 0 0 0 0 0 0 0 0 0 0 0 0 0 0 0 0 0 0
K=118 shift=100 alive=468 dead=8 Tlast~1.26e+17
per-term pass: obs 0.71478  model 0.71795  ratio 0.9956  (+-0.0040)
runhist: 4 4 0 0 6 26 53 48 89 61 54 24 37 10 26 11 7 1 7 0 0 0 0 1 3 0 4 0 0 0 0 0 0 0 0 0 0 0 0 0 0 0 0 0 0 0 0 0 0 0 0 0 0 0 0 0 0 0 0
K=177 shift=100 alive=493 dead=8 Tlast~1.27e+17
per-term pass: obs 0.72613  model 0.71790  ratio 1.0115  (+-0.0039)
runhist: 4 4 0 0 0 17 31 67 90 63 56 52 25 20 9 16 19 10 9 7 2 0 0 0 0 0 0 0 0 0 0 0 0 0 0 0 0 0 0 0 0 0 0 0 0 0 0 0 0 0 0 0 0 0 0 0 0 0 0
K=236 shift=100 alive=485 dead=5 Tlast~1.29e+17
per-term pass: obs 0.72304  model 0.71786  ratio 1.0072  (+-0.0039)
runhist: 0 5 0 0 0 21 52 59 56 55 62 50 41 14 19 8 12 7 3 3 2 3 1 4 3 8 1 1 0 0 0 0 0 0 0 0 0 0 0 0 0 0 0 0 0 0 0 0 0 0 0 0 0 0 0 0 0 0 0
K=295 shift=100 alive=473 dead=0 Tlast~1.3e+17
per-term pass: obs 0.71094  model 0.71781  ratio 0.9904  (+-0.0040)
runhist: 0 0 0 0 0 21 57 59 65 93 45 33 21 19 16 18 7 5 2 5 1 0 0 0 0 2 1 3 0 0 0 0 0 0 0 0 0 0 0 0 0 0 0 0 0 0 0 0 0 0 0 0 0 0 0 0 0 0 0
K=354 shift=100 alive=444 dead=19 Tlast~1.31e+17
per-term pass: obs 0.71987  model 0.71777  ratio 1.0029  (+-0.0041)
runhist: 0 19 0 0 7 11 33 60 86 39 64 48 20 11 25 3 11 18 1 4 2 0 0 0 0 0 1 0 0 0 0 0 0 0 0 0 0 0 0 0 0 0 0 0 0 0 0 0 0 0 0 0 0 0 0 0 0 0 0
K=472 shift=100 alive=471 dead=16 Tlast~1.34e+17
per-term pass: obs 0.71554  model 0.71768  ratio 0.9970  (+-0.0040)
runhist: 1 15 0 0 1 27 44 55 61 56 42 48 39 26 22 13 17 9 0 6 3 0 0 0 0 1 0 0 0 0 0 0 1 0 0 0 0 0 0 0 0 0 0 0 0 0 0 0 0 0 0 0 0 0 0 0 0 0 0
K=531 shift=100 alive=499 dead=6 Tlast~1.35e+17
per-term pass: obs 0.71847  model 0.71764  ratio 1.0012  (+-0.0038)
runhist: 1 5 0 0 5 24 52 73 81 56 71 51 28 20 7 5 10 4 4 2 3 0 1 0 1 1 0 0 0 0 0 0 0 0 0 0 0 0 0 0 0 0 0 0 0 0 0 0 0 0 0 0 0 0 0 0 0 0 0
K=590 shift=100 alive=419 dead=6 Tlast~1.36e+17
per-term pass: obs 0.71286  model 0.71759  ratio 0.9934  (+-0.0042)
runhist: 0 6 0 0 2 19 49 67 51 55 71 18 20 22 19 4 3 6 3 4 5 1 0 0 0 0 0 0 0 0 0 0 0 0 0 0 0 0 0 0 0 0 0 0 0 0 0 0 0 0 0 0 0 0 0 0 0 0 0
K=649 shift=100 alive=413 dead=12 Tlast~1.38e+17
per-term pass: obs 0.71633  model 0.71755  ratio 0.9983  (+-0.0042)
runhist: 0 12 0 0 2 23 50 54 61 69 36 41 24 22 8 6 2 1 3 4 5 1 1 0 0 0 0 0 0 0 0 0 0 0 0 0 0 0 0 0 0 0 0 0 0 0 0 0 0 0 0 0 0 0 0 0 0 0 0
K=708 shift=100 alive=441 dead=7 Tlast~1.39e+17
per-term pass: obs 0.72586  model 0.71751  ratio 1.0116  (+-0.0041)
runhist: 1 6 0 0 10 14 34 47 56 58 55 52 22 20 17 13 11 15 9 3 3 0 1 1 0 0 0 0 0 0 0 0 0 0 0 0 0 0 0 0 0 0 0 0 0 0 0 0 0 0 0 0 0 0 0 0 0 0 0
K=885 shift=100 alive=439 dead=4 Tlast~1.43e+17
per-term pass: obs 0.72021  model 0.71738  ratio 1.0039  (+-0.0041)
runhist: 0 4 0 0 1 26 38 59 44 59 54 41 38 23 18 20 5 6 2 2 2 0 0 0 0 0 0 1 0 0 0 0 0 0 0 0 0 0 0 0 0 0 0 0 0 0 0 0 0 0 0 0 0 0 0 0 0 0 0
K=944 shift=100 alive=481 dead=7 Tlast~1.44e+17
per-term pass: obs 0.71052  model 0.71734  ratio 0.9905  (+-0.0039)
runhist: 1 6 0 3 1 21 35 63 71 52 61 62 26 19 20 14 11 4 3 1 8 4 0 2 0 0 0 0 0 0 0 0 0 0 0 0 0 0 0 0 0 0 0 0 0 0 0 0 0 0 0 0 0 0 0 0 0 0 0
K=1003 shift=100 alive=478 dead=2 Tlast~1.45e+17
per-term pass: obs 0.71646  model 0.71730  ratio 0.9988  (+-0.0039)
runhist: 0 2 0 0 1 19 48 69 63 64 56 47 45 21 15 11 10 3 4 0 1 0 1 0 0 0 0 0 0 0 0 0 0 0 0 0 0 0 0 0 0 0 0 0 0 0 0 0 0 0 0 0 0 0 0 0 0 0 0
K=1062 shift=100 alive=385 dead=4 Tlast~1.47e+17
per-term pass: obs 0.71666  model 0.71726  ratio 0.9992  (+-0.0044)
runhist: 1 3 0 0 6 15 38 53 42 58 63 23 20 16 16 8 10 4 1 5 1 1 0 0 0 0 3 0 2 0 0 0 0 0 0 0 0 0 0 0 0 0 0 0 0 0 0 0 0 0 0 0 0 0 0 0 0 0 0
K=1180 shift=100 alive=486 dead=6 Tlast~1.49e+17
per-term pass: obs 0.72009  model 0.71718  ratio 1.0041  (+-0.0039)
runhist: 2 4 0 0 0 24 51 52 77 68 54 37 36 18 20 13 11 9 10 1 4 0 0 0 1 0 0 0 0 0 0 0 0 0 0 0 0 0 0 0 0 0 0 0 0 0 0 0 0 0 0 0 0 0 0 0 0 0 0
K=1298 shift=100 alive=448 dead=5 Tlast~1.52e+17
per-term pass: obs 0.71094  model 0.71710  ratio 0.9914  (+-0.0041)
runhist: 1 4 0 0 12 19 45 61 72 54 42 49 23 11 12 12 7 11 6 4 2 1 1 4 0 0 0 0 0 0 0 0 0 0 0 0 0 0 0 0 0 0 0 0 0 0 0 0 0 0 0 0 0 0 0 0 0 0 0
K=1357 shift=100 alive=428 dead=4 Tlast~1.53e+17
per-term pass: obs 0.72228  model 0.71706  ratio 1.0073  (+-0.0042)
runhist: 2 2 0 0 1 22 36 56 58 55 45 40 31 19 20 13 2 4 4 8 6 0 3 1 2 0 2 0 0 0 0 0 0 0 0 0 0 0 0 0 0 0 0 0 0 0 0 0 0 0 0 0 0 0 0 0 0 0 0
K=1416 shift=100 alive=461 dead=7 Tlast~1.54e+17
per-term pass: obs 0.71206  model 0.71702  ratio 0.9931  (+-0.0040)
runhist: 5 2 0 0 8 19 46 56 75 64 54 37 33 24 15 2 1 5 6 5 1 5 0 0 1 4 0 0 0 0 0 0 0 0 0 0 0 0 0 0 0 0 0 0 0 0 0 0 0 0 0 0 0 0 0 0 0 0 0
K=1475 shift=100 alive=466 dead=11 Tlast~1.56e+17
per-term pass: obs 0.71437  model 0.71698  ratio 0.9964  (+-0.0040)
runhist: 4 7 0 1 5 27 37 51 58 64 73 40 36 22 16 14 5 5 3 4 3 2 0 0 0 0 0 0 0 0 0 0 0 0 0 0 0 0 0 0 0 0 0 0 0 0 0 0 0 0 0 0 0 0 0 0 0 0 0
K=59 shift=101 alive=447 dead=12 Tlast~1.26e+17
per-term pass: obs 0.71561  model 0.71791  ratio 0.9968  (+-0.0041)
runhist: 2 10 0 0 5 24 38 39 63 52 48 34 25 28 56 9 10 12 2 0 0 1 1 0 0 0 0 0 0 0 0 0 0 0 0 0 0 0 0 0 0 0 0 0 0 0 0 0 0 0 0 0 0 0 0 0 0 0 0
K=118 shift=101 alive=437 dead=8 Tlast~1.27e+17
per-term pass: obs 0.71317  model 0.71786  ratio 0.9935  (+-0.0041)
runhist: 3 5 0 0 3 21 49 60 75 52 47 29 26 28 27 8 1 1 0 2 5 3 0 0 0 0 0 0 0 0 0 0 0 0 0 0 0 0 0 0 0 0 0 0 0 0 0 0 0 0 0 0 0 0 0 0 0 0 0
K=177 shift=101 alive=464 dead=4 Tlast~1.29e+17
per-term pass: obs 0.71087  model 0.71782  ratio 0.9903  (+-0.0040)
runhist: 2 2 0 0 0 21 51 59 79 49 69 35 33 12 29 8 9 1 1 1 4 0 3 0 0 0 0 0 0 0 0 0 0 0 0 0 0 0 0 0 0 0 0 0 0 0 0 0 0 0 0 0 0 0 0 0 0 0 0
K=236 shift=101 alive=434 dead=10 Tlast~1.3e+17
per-term pass: obs 0.71909  model 0.71777  ratio 1.0018  (+-0.0041)
runhist: 0 10 0 0 4 15 27 71 63 65 40 46 47 20 13 10 3 0 7 0 1 0 0 0 1 1 0 0 0 0 0 0 0 0 0 0 0 0 0 0 0 0 0 0 0 0 0 0 0 0 0 0 0 0 0 0 0 0 0
K=295 shift=101 alive=465 dead=7 Tlast~1.31e+17
per-term pass: obs 0.73048  model 0.71773  ratio 1.0178  (+-0.0040)
runhist: 4 3 0 0 0 18 43 69 56 60 48 53 45 24 22 6 3 0 4 6 1 3 1 2 0 0 0 1 0 0 0 0 0 0 0 0 0 0 0 0 0 0 0 0 0 0 0 0 0 0 0 0 0 0 0 0 0 0 0
K=354 shift=101 alive=453 dead=0 Tlast~1.33e+17
per-term pass: obs 0.72227  model 0.71768  ratio 1.0064  (+-0.0040)
runhist: 0 0 0 0 5 13 47 50 70 75 67 38 27 11 21 9 3 2 2 2 3 2 1 0 5 0 0 0 0 0 0 0 0 0 0 0 0 0 0 0 0 0 0 0 0 0 0 0 0 0 0 0 0 0 0 0 0 0 0
K=472 shift=101 alive=477 dead=5 Tlast~1.35e+17
per-term pass: obs 0.71760  model 0.71760  ratio 1.0000  (+-0.0039)
runhist: 0 5 0 0 4 22 53 62 55 68 49 38 28 35 14 5 14 7 4 4 6 8 0 0 0 0 0 0 0 0 0 0 0 0 1 0 0 0 0 0 0 0 0 0 0 0 0 0 0 0 0 0 0 0 0 0 0 0 0
K=531 shift=101 alive=439 dead=9 Tlast~1.36e+17
per-term pass: obs 0.71691  model 0.71755  ratio 0.9991  (+-0.0041)
runhist: 3 6 0 0 8 21 34 56 78 64 43 42 30 21 18 7 7 1 0 2 0 0 2 0 0 5 0 0 0 0 0 0 0 0 0 0 0 0 0 0 0 0 0 0 0 0 0 0 0 0 0 0 0 0 0 0 0 0 0
K=590 shift=101 alive=450 dead=12 Tlast~1.38e+17
per-term pass: obs 0.71318  model 0.71751  ratio 0.9940  (+-0.0041)
runhist: 1 11 0 0 1 21 41 55 71 56 34 49 42 27 19 16 4 6 1 4 1 1 0 1 0 0 0 0 0 0 0 0 0 0 0 0 0 0 0 0 0 0 0 0 0 0 0 0 0 0 0 0 0 0 0 0 0 0 0
K=649 shift=101 alive=442 dead=5 Tlast~1.39e+17
per-term pass: obs 0.71095  model 0.71747  ratio 0.9909  (+-0.0041)
runhist: 1 4 0 0 1 18 55 71 63 74 47 28 22 20 12 15 5 4 2 0 1 0 0 3 1 0 0 0 0 0 0 0 0 0 0 0 0 0 0 0 0 0 0 0 0 0 0 0 0 0 0 0 0 0 0 0 0 0 0
K=708 shift=101 alive=481 dead=3 Tlast~1.4e+17
per-term pass: obs 0.71851  model 0.71743  ratio 1.0015  (+-0.0039)
runhist: 0 3 0 0 7 12 48 55 70 64 59 35 30 16 42 8 10 5 2 5 6 0 7 0 0 0 0 0 0 0 0 0 0 0 0 0 0 0 0 0 0 0 0 0 0 0 0 0 0 0 0 0 0 0 0 0 0 0 0
K=885 shift=101 alive=443 dead=2 Tlast~1.44e+17
per-term pass: obs 0.71772  model 0.71730  ratio 1.0006  (+-0.0041)
runhist: 0 2 0 0 3 20 42 56 70 43 63 38 29 24 19 15 7 3 1 2 3 1 0 2 0 0 0 2 0 0 0 0 0 0 0 0 0 0 0 0 0 0 0 0 0 0 0 0 0 0 0 0 0 0 0 0 0 0 0
K=944 shift=101 alive=474 dead=5 Tlast~1.45e+17
per-term pass: obs 0.71788  model 0.71726  ratio 1.0009  (+-0.0039)
runhist: 0 5 0 0 4 25 40 73 83 61 35 49 22 25 15 9 11 7 1 7 3 1 0 3 0 0 0 0 0 0 0 0 0 0 0 0 0 0 0 0 0 0 0 0 0 0 0 0 0 0 0 0 0 0 0 0 0 0 0
K=1003 shift=101 alive=536 dead=7 Tlast~1.47e+17
per-term pass: obs 0.71651  model 0.71722  ratio 0.9990  (+-0.0037)
runhist: 0 7 0 2 3 28 55 64 82 71 57 49 43 34 13 18 3 9 1 2 0 0 0 0 0 1 0 0 0 0 0 0 1 0 0 0 0 0 0 0 0 0 0 0 0 0 0 0 0 0 0 0 0 0 0 0 0 0 0
K=1062 shift=101 alive=438 dead=10 Tlast~1.48e+17
per-term pass: obs 0.71603  model 0.71718  ratio 0.9984  (+-0.0041)
runhist: 1 9 0 0 3 18 31 72 58 50 59 37 28 18 20 12 11 10 1 3 2 1 0 2 1 1 0 0 0 0 0 0 0 0 0 0 0 0 0 0 0 0 0 0 0 0 0 0 0 0 0 0 0 0 0 0 0 0 0
K=1180 shift=101 alive=471 dead=10 Tlast~1.51e+17
per-term pass: obs 0.72092  model 0.71710  ratio 1.0053  (+-0.0040)
runhist: 1 9 0 0 0 27 43 56 69 55 51 45 26 25 20 15 11 8 9 1 3 0 0 2 4 0 1 0 0 0 0 0 0 0 0 0 0 0 0 0 0 0 0 0 0 0 0 0 0 0 0 0 0 0 0 0 0 0 0
K=1298 shift=101 alive=463 dead=4 Tlast~1.53e+17
per-term pass: obs 0.71665  model 0.71702  ratio 0.9995  (+-0.0040)
runhist: 0 4 0 0 6 14 43 68 70 55 55 41 28 17 19 18 8 10 1 5 2 0 0 2 0 1 0 0 0 0 0 0 0 0 0 0 0 0 0 0 0 0 0 0 0 0 0 0 0 0 0 0 0 0 0 0 0 0 0
K=1357 shift=101 alive=432 dead=7 Tlast~1.54e+17
per-term pass: obs 0.71723  model 0.71698  ratio 1.0004  (+-0.0041)
runhist: 4 3 0 0 1 23 37 60 60 58 35 49 34 25 16 8 6 7 5 6 1 0 0 1 0 0 0 0 0 0 0 0 0 0 0 0 0 0 0 0 0 0 0 0 0 0 0 0 0 0 0 0 0 0 0 0 0 0 0
K=1416 shift=101 alive=512 dead=6 Tlast~1.56e+17
per-term pass: obs 0.71488  model 0.71694  ratio 0.9971  (+-0.0038)
runhist: 1 5 0 0 8 28 58 63 76 51 66 39 37 31 26 6 10 1 2 3 2 2 0 0 0 2 0 1 0 0 0 0 0 0 0 0 0 0 0 0 0 0 0 0 0 0 0 0 0 0 0 0 0 0 0 0 0 0 0
K=1475 shift=101 alive=469 dead=8 Tlast~1.57e+17
per-term pass: obs 0.71454  model 0.71690  ratio 0.9967  (+-0.0040)
runhist: 3 5 0 1 3 30 35 53 72 64 71 40 28 19 14 14 0 8 5 3 4 3 0 0 0 0 0 0 0 0 2 0 0 0 0 0 0 0 0 0 0 0 0 0 0 0 0 0 0 0 0 0 0 0 0 0 0 0 0
K=59 shift=102 alive=501 dead=2 Tlast~1.27e+17
per-term pass: obs 0.71536  model 0.71782  ratio 0.9966  (+-0.0038)
runhist: 0 2 0 0 4 14 59 70 73 48 59 43 32 39 10 31 2 9 3 1 0 1 1 2 0 0 0 0 0 0 0 0 0 0 0 0 0 0 0 0 0 0 0 0 0 0 0 0 0 0 0 0 0 0 0 0 0 0 0
K=118 shift=102 alive=452 dead=17 Tlast~1.29e+17
per-term pass: obs 0.71990  model 0.71778  ratio 1.0030  (+-0.0040)
runhist: 6 11 0 0 1 13 43 59 50 57 65 45 36 29 25 6 11 9 0 3 0 0 0 0 0 0 0 0 0 0 0 0 0 0 0 0 0 0 0 0 0 0 0 0 0 0 0 0 0 0 0 0 0 0 0 0 0 0 0
K=177 shift=102 alive=515 dead=9 Tlast~1.3e+17
per-term pass: obs 0.72099  model 0.71773  ratio 1.0045  (+-0.0038)
runhist: 6 3 0 0 2 16 58 53 87 67 52 47 53 27 5 5 9 3 6 7 2 10 4 0 2 0 0 0 0 0 0 0 0 0 0 0 0 0 0 0 0 0 0 0 0 0 0 0 0 0 0 0 0 0 0 0 0 0 0
K=236 shift=102 alive=473 dead=2 Tlast~1.31e+17
per-term pass: obs 0.70529  model 0.71769  ratio 0.9827  (+-0.0040)
runhist: 1 1 0 0 5 17 53 98 44 63 45 55 23 23 26 6 3 0 1 2 3 1 4 0 0 0 1 0 0 0 0 0 0 0 0 0 0 0 0 0 0 0 0 0 0 0 0 0 0 0 0 0 0 0 0 0 0 0 0
K=295 shift=102 alive=487 dead=8 Tlast~1.32e+17
per-term pass: obs 0.72609  model 0.71764  ratio 1.0118  (+-0.0039)
runhist: 6 2 0 0 2 14 30 71 35 91 57 53 36 27 16 24 12 9 5 2 0 0 3 0 0 0 0 0 0 0 0 0 0 0 0 0 0 0 0 0 0 0 0 0 0 0 0 0 0 0 0 0 0 0 0 0 0 0 0
K=354 shift=102 alive=470 dead=1 Tlast~1.34e+17
per-term pass: obs 0.71394  model 0.71760  ratio 0.9949  (+-0.0040)
runhist: 1 0 0 0 9 16 41 55 81 61 52 56 19 27 15 15 2 8 1 1 5 4 1 0 1 0 0 0 0 0 0 0 0 0 0 0 0 0 0 0 0 0 0 0 0 0 0 0 0 0 0 0 0 0 0 0 0 0 0
K=472 shift=102 alive=491 dead=14 Tlast~1.36e+17
per-term pass: obs 0.70974  model 0.71751  ratio 0.9892  (+-0.0039)
runhist: 5 9 0 0 0 29 53 92 60 72 62 35 29 20 10 11 5 5 1 0 1 5 1 0 0 0 0 0 0 0 0 0 0 0 0 0 0 0 0 0 0 0 0 0 0 0 0 0 0 0 0 0 0 0 0 0 0 0 0
K=531 shift=102 alive=455 dead=8 Tlast~1.38e+17
per-term pass: obs 0.72706  model 0.71747  ratio 1.0134  (+-0.0040)
runhist: 2 6 0 0 7 20 22 43 58 67 58 34 46 22 18 10 20 1 3 7 7 3 0 0 2 3 0 1 0 0 3 0 0 0 0 0 0 0 0 0 0 0 0 0 0 0 0 0 0 0 0 0 0 0 0 0 0 0 0
K=590 shift=102 alive=480 dead=10 Tlast~1.39e+17
per-term pass: obs 0.71932  model 0.71743  ratio 1.0026  (+-0.0039)
runhist: 6 4 0 0 2 24 44 66 72 62 47 51 28 25 32 7 3 6 1 4 5 0 0 0 0 0 0 1 0 0 0 0 0 0 0 0 0 0 0 0 0 0 0 0 0 0 0 0 0 0 0 0 0 0 0 0 0 0 0
K=649 shift=102 alive=474 dead=4 Tlast~1.4e+17
per-term pass: obs 0.72072  model 0.71739  ratio 1.0046  (+-0.0039)
runhist: 0 4 0 0 1 24 49 55 52 72 52 34 42 18 19 22 18 8 1 1 1 0 0 5 0 0 0 0 0 0 0 0 0 0 0 0 0 0 0 0 0 0 0 0 0 0 0 0 0 0 0 0 0 0 0 0 0 0 0
K=708 shift=102 alive=396 dead=11 Tlast~1.41e+17
per-term pass: obs 0.72414  model 0.71735  ratio 1.0095  (+-0.0043)
runhist: 1 10 0 0 0 16 23 30 74 58 49 37 23 18 35 6 6 8 2 2 8 0 1 0 0 0 0 0 0 0 0 0 0 0 0 0 0 0 0 0 0 0 0 0 0 0 0 0 0 0 0 0 0 0 0 0 0 0 0
K=885 shift=102 alive=483 dead=4 Tlast~1.45e+17
per-term pass: obs 0.72167  model 0.71722  ratio 1.0062  (+-0.0039)
runhist: 0 4 0 0 3 18 46 59 82 60 48 31 38 24 22 20 6 10 4 4 4 0 1 1 0 0 2 0 0 0 0 0 0 0 0 0 0 0 0 0 0 0 0 0 0 0 0 0 0 0 0 0 0 0 0 0 0 0 0
K=944 shift=102 alive=434 dead=8 Tlast~1.47e+17
per-term pass: obs 0.71194  model 0.71718  ratio 0.9927  (+-0.0041)
runhist: 2 6 0 0 4 29 49 56 80 44 40 25 36 24 8 24 5 6 2 0 0 1 0 1 0 0 0 0 0 0 0 0 0 0 0 0 0 0 0 0 0 0 0 0 0 0 0 0 0 0 0 0 0 0 0 0 0 0 0
K=1003 shift=102 alive=475 dead=12 Tlast~1.48e+17
per-term pass: obs 0.72236  model 0.71714  ratio 1.0073  (+-0.0039)
runhist: 1 11 0 0 1 9 45 63 75 64 58 30 41 31 18 14 11 2 2 6 1 0 0 0 1 2 1 0 0 0 0 0 0 0 0 0 0 0 0 0 0 0 0 0 0 0 0 0 0 0 0 0 0 0 0 0 0 0 0
K=1062 shift=102 alive=426 dead=5 Tlast~1.49e+17
per-term pass: obs 0.71272  model 0.71710  ratio 0.9939  (+-0.0042)
runhist: 3 2 0 0 2 12 42 56 71 57 59 40 16 11 29 9 9 3 1 2 0 0 1 3 1 0 0 0 1 0 0 1 0 0 0 0 0 0 0 0 0 0 0 0 0 0 0 0 0 0 0 0 0 0 0 0 0 0 0
K=1180 shift=102 alive=529 dead=11 Tlast~1.52e+17
per-term pass: obs 0.71879  model 0.71702  ratio 1.0025  (+-0.0037)
runhist: 0 11 0 1 3 23 36 85 65 65 60 47 32 25 25 18 7 15 4 0 7 4 1 4 1 0 1 0 0 0 0 0 0 0 0 0 0 0 0 0 0 0 0 0 0 0 0 0 0 0 0 0 0 0 0 0 0 0 0
K=1298 shift=102 alive=469 dead=6 Tlast~1.54e+17
per-term pass: obs 0.71473  model 0.71694  ratio 0.9969  (+-0.0040)
runhist: 3 3 0 0 7 16 54 59 72 54 59 34 35 22 22 14 4 3 5 0 4 2 2 1 0 0 0 0 0 0 0 0 0 0 0 0 0 0 0 0 0 0 0 0 0 0 0 0 0 0 0 0 0 0 0 0 0 0 0
K=1357 shift=102 alive=473 dead=12 Tlast~1.56e+17
per-term pass: obs 0.71739  model 0.71690  ratio 1.0007  (+-0.0040)
runhist: 0 12 0 0 3 28 42 65 65 61 45 45 41 26 14 8 2 3 9 7 4 2 0 1 0 2 0 0 0 0 0 0 0 0 0 0 0 0 0 0 0 0 0 0 0 0 0 0 0 0 0 0 0 0 0 0 0 0 0
K=1416 shift=102 alive=451 dead=11 Tlast~1.57e+17
per-term pass: obs 0.72364  model 0.71686  ratio 1.0095  (+-0.0040)
runhist: 2 9 0 0 6 16 37 48 84 50 58 45 27 25 20 10 14 4 3 2 2 0 0 0 0 0 0 0 0 0 0 0 0 0 0 0 0 0 0 0 0 0 0 0 0 0 0 0 0 0 0 0 0 0 0 0 0 0 0
K=1475 shift=102 alive=441 dead=6 Tlast~1.58e+17
per-term pass: obs 0.71933  model 0.71683  ratio 1.0035  (+-0.0041)
runhist: 0 6 0 0 2 15 32 69 65 58 59 48 25 22 15 13 2 4 1 2 2 3 2 1 0 0 0 1 0 0 0 0 0 0 0 0 0 0 0 0 0 0 0 0 0 0 0 0 0 0 0 0 0 0 0 0 0 0 0
K=59 shift=103 alive=447 dead=11 Tlast~1.29e+17
per-term pass: obs 0.71612  model 0.71773  ratio 0.9977  (+-0.0041)
runhist: 1 10 0 0 3 16 47 50 79 57 35 44 28 16 18 19 10 6 8 4 1 1 3 0 2 0 0 0 0 0 0 0 0 0 0 0 0 0 0 0 0 0 0 0 0 0 0 0 0 0 0 0 0 0 0 0 0 0 0
K=118 shift=103 alive=496 dead=4 Tlast~1.3e+17
per-term pass: obs 0.70415  model 0.71769  ratio 0.9811  (+-0.0039)
runhist: 0 4 0 0 4 41 46 60 71 67 51 31 41 19 28 18 6 1 3 9 0 0 0 0 0 0 0 0 0 0 0 0 0 0 0 0 0 0 0 0 0 0 0 0 0 0 0 0 0 0 0 0 0 0 0 0 0 0 0
K=177 shift=103 alive=443 dead=6 Tlast~1.31e+17
per-term pass: obs 0.71332  model 0.71765  ratio 0.9940  (+-0.0041)
runhist: 1 5 0 0 3 18 46 80 48 48 60 47 33 16 13 12 3 5 3 1 3 0 2 2 0 0 0 0 0 0 0 0 0 0 0 0 0 0 0 0 0 0 0 0 0 0 0 0 0 0 0 0 0 0 0 0 0 0 0
K=236 shift=103 alive=472 dead=10 Tlast~1.32e+17
per-term pass: obs 0.72567  model 0.71760  ratio 1.0112  (+-0.0040)
runhist: 0 10 0 0 5 17 31 72 54 85 55 22 30 21 16 11 18 6 4 2 4 4 8 1 0 5 1 0 0 0 0 0 0 0 0 0 0 0 0 0 0 0 0 0 0 0 0 0 0 0 0 0 0 0 0 0 0 0 0
K=295 shift=103 alive=492 dead=12 Tlast~1.34e+17
per-term pass: obs 0.70798  model 0.71756  ratio 0.9867  (+-0.0039)
runhist: 6 6 0 1 11 25 60 65 67 42 75 42 28 24 21 4 4 14 2 4 1 0 0 2 0 0 0 0 0 0 0 0 0 0 0 0 0 0 0 0 0 0 0 0 0 0 0 0 0 0 0 0 0 0 0 0 0 0 0
K=354 shift=103 alive=375 dead=6 Tlast~1.35e+17
per-term pass: obs 0.71913  model 0.71752  ratio 1.0022  (+-0.0044)
runhist: 0 6 0 0 5 8 41 51 57 46 55 40 27 9 8 6 5 4 9 2 1 0 1 0 0 0 0 0 0 0 0 0 0 0 0 0 0 0 0 0 0 0 0 0 0 0 0 0 0 0 0 0 0 0 0 0 0 0 0
K=472 shift=103 alive=462 dead=9 Tlast~1.38e+17
per-term pass: obs 0.71809  model 0.71743  ratio 1.0009  (+-0.0040)
runhist: 4 5 0 0 2 9 46 55 72 55 53 36 35 20 21 19 9 17 4 3 0 0 0 3 0 0 1 1 1 0 0 0 0 0 0 0 0 0 0 0 0 0 0 0 0 0 0 0 0 0 0 0 0 0 0 0 0 0 0
K=531 shift=103 alive=449 dead=10 Tlast~1.39e+17
per-term pass: obs 0.71623  model 0.71739  ratio 0.9984  (+-0.0041)
runhist: 2 8 0 0 2 19 42 55 86 84 49 29 21 18 12 3 5 14 9 1 0 0 0 0 0 0 0 0 0 0 0 0 0 0 0 0 0 0 0 0 0 0 0 0 0 0 0 0 0 0 0 0 0 0 0 0 0 0 0
K=590 shift=103 alive=490 dead=7 Tlast~1.4e+17
per-term pass: obs 0.71175  model 0.71735  ratio 0.9922  (+-0.0039)
runhist: 4 3 0 0 5 40 35 87 65 57 36 47 37 21 13 15 5 1 3 10 8 3 1 0 1 0 0 0 0 0 0 0 0 0 0 0 0 0 0 0 0 0 0 0 0 0 0 0 0 0 0 0 0 0 0 0 0 0 0
K=649 shift=103 alive=461 dead=12 Tlast~1.41e+17
per-term pass: obs 0.72167  model 0.71731  ratio 1.0061  (+-0.0040)
runhist: 0 12 0 2 3 32 36 46 54 51 44 52 38 38 19 20 10 4 1 2 1 2 0 3 1 0 0 0 1 1 0 0 0 0 0 0 0 0 0 0 0 0 0 0 0 0 0 0 0 0 0 0 0 0 0 0 0 0 0
K=708 shift=103 alive=423 dead=9 Tlast~1.43e+17
per-term pass: obs 0.71623  model 0.71726  ratio 0.9986  (+-0.0042)
runhist: 4 5 0 0 5 14 44 43 75 63 43 50 20 20 14 12 3 6 3 0 4 2 0 2 0 0 0 0 0 0 0 0 0 0 0 0 0 0 0 0 0 0 0 0 0 0 0 0 0 0 0 0 0 0 0 0 0 0 0
K=885 shift=103 alive=453 dead=11 Tlast~1.47e+17
per-term pass: obs 0.72654  model 0.71714  ratio 1.0131  (+-0.0040)
runhist: 2 9 0 0 5 10 25 48 63 57 47 42 40 26 27 21 10 6 10 7 4 1 0 1 3 0 0 0 0 0 0 0 0 0 0 0 0 0 0 0 0 0 0 0 0 0 0 0 0 0 0 0 0 0 0 0 0 0 0
K=944 shift=103 alive=427 dead=8 Tlast~1.48e+17
per-term pass: obs 0.71869  model 0.71710  ratio 1.0022  (+-0.0042)
runhist: 1 7 0 0 4 25 39 61 67 46 42 35 38 15 19 21 4 5 3 2 0 1 0 0 0 0 0 0 0 0 0 0 0 0 0 0 0 0 0 0 0 0 0 0 0 0 0 0 0 0 0 0 0 0 0 0 0 0 0
K=1003 shift=103 alive=496 dead=8 Tlast~1.49e+17
per-term pass: obs 0.72341  model 0.71706  ratio 1.0089  (+-0.0039)
runhist: 3 5 0 0 2 14 45 58 83 72 57 39 47 14 18 10 10 1 10 9 3 1 1 0 1 0 0 1 0 0 0 0 0 0 0 0 0 0 0 0 0 0 0 0 0 0 0 0 0 0 0 0 0 0 0 0 0 0 0
K=1062 shift=103 alive=450 dead=9 Tlast~1.5e+17
per-term pass: obs 0.71046  model 0.71702  ratio 0.9908  (+-0.0041)
runhist: 4 5 0 0 1 27 57 67 63 47 59 35 24 15 16 12 14 3 3 4 2 0 0 0 1 0 0 0 0 0 0 0 0 0 0 0 0 0 0 0 0 0 0 0 0 0 0 0 0 0 0 0 0 0 0 0 0 0 0
K=1180 shift=103 alive=467 dead=9 Tlast~1.53e+17
per-term pass: obs 0.71602  model 0.71694  ratio 0.9987  (+-0.0040)
runhist: 0 9 0 3 4 20 40 62 69 60 54 37 27 21 16 13 11 8 6 6 4 2 1 1 1 1 0 0 0 0 0 0 0 0 0 0 0 0 0 0 0 0 0 0 0 0 0 0 0 0 0 0 0 0 0 0 0 0 0
K=1298 shift=103 alive=499 dead=5 Tlast~1.56e+17
per-term pass: obs 0.71557  model 0.71687  ratio 0.9982  (+-0.0038)
runhist: 1 4 0 1 4 33 47 59 76 64 54 44 38 24 28 6 1 4 4 5 1 1 2 2 0 1 0 0 0 0 0 0 0 0 0 0 0 0 0 0 0 0 0 0 0 0 0 0 0 0 0 0 0 0 0 0 0 0 0
K=1357 shift=103 alive=458 dead=11 Tlast~1.57e+17
per-term pass: obs 0.71936  model 0.71683  ratio 1.0035  (+-0.0040)
runhist: 3 8 0 0 4 25 42 46 50 71 49 68 26 15 16 11 9 2 8 4 3 3 1 0 0 5 0 0 0 0 0 0 0 0 0 0 0 0 0 0 0 0 0 0 0 0 0 0 0 0 0 0 0 0 0 0 0 0 0
K=1416 shift=103 alive=446 dead=9 Tlast~1.58e+17
per-term pass: obs 0.72495  model 0.71679  ratio 1.0114  (+-0.0041)
runhist: 1 8 0 0 5 20 37 38 68 56 44 67 20 29 18 11 14 4 9 0 0 2 1 0 0 1 0 2 0 0 0 0 0 0 0 0 0 0 0 0 0 0 0 0 0 0 0 0 0 0 0 0 0 0 0 0 0 0 0
K=1475 shift=103 alive=433 dead=7 Tlast~1.59e+17
per-term pass: obs 0.71594  model 0.71675  ratio 0.9989  (+-0.0041)
runhist: 0 7 0 0 0 13 42 61 64 76 58 27 30 31 10 9 3 6 0 0 0 1 1 1 0 0 0 0 0 0 0 0 0 0 0 0 0 0 0 0 0 0 0 0 0 0 0 0 0 0 0 0 0 0 0 0 0 0 0
K=59 shift=104 alive=491 dead=17 Tlast~1.3e+17
per-term pass: obs 0.72013  model 0.71765  ratio 1.0035  (+-0.0039)
runhist: 3 14 0 0 1 21 40 49 83 86 62 47 30 21 21 12 3 5 5 3 0 0 1 0 0 0 0 0 1 0 0 0 0 0 0 0 0 0 0 0 0 0 0 0 0 0 0 0 0 0 0 0 0 0 0 0 0 0 0
